4.02,3.93,4.08,3.79,4.07,0.0,2452700.0,0.0,20080110
3.53,4.02,4.04,3.47,3.53,0.0,2818500.0,0.0,20080121
3.77,3.52,3.9,3.52,3.8,0.0,3779100.0,0.0,20080131
4.24,3.79,4.28,3.77,4.22,0.0,2841400.0,0.0,20080213
4.13,4.28,4.28,3.94,4.14,0.0,1557600.0,0.0,20080222
4.32,4.11,4.55,4.11,4.31,0.0,3367800.0,0.0,20080304
4.14,4.31,4.32,3.92,4.14,0.0,2707900.0,0.0,20080313
4.28,4.14,4.29,3.95,4.22,0.0,2962900.0,0.0,20080325
4.25,4.18,4.26,3.95,4.24,0.0,2633900.0,0.0,20080403
4,4.24,4.24,3.96,4,0.0,2029900.0,0.0,20080414
3.84,4.02,4.15,3.75,3.83,0.0,2488100.0,0.0,20080424
4.05,3.84,4.13,3.69,4.05,0.0,3862000.0,0.0,20080506
4.01,4.02,4.1,3.85,4.01,0.0,3966700.0,0.0,20080515
3.67,4.02,4.03,3.65,3.68,9173.0,4038000.0,393392972.0,20080527
3.44,3.68,3.69,3.28,3.43,15606.0,4999800.0,562990014.0,20080605
3.44,3.46,3.69,3.23,3.44,12674.0,5090800.0,570277198.0,20080616
3.24,3.46,3.48,3.2,3.24,8792.0,2927200.0,311937373.0,20080625
2.89,3.25,3.25,2.84,2.84,6953.0,2475600.0,244685530.0,20080704
3.08,2.88,3.16,2.86,3.08,12952.0,4691900.0,456725258.0,20080716
2.82,3.07,3.1,2.82,2.82,8525.0,2703400.0,257632714.0,20080725
3.1,2.88,3.16,2.76,3.1,8907.0,3007700.0,281646574.0,20080805
3.15,3.13,3.25,3.05,3.15,11032.0,3332900.0,337761640.0,20080814
3.09,3.16,3.21,3.02,3.12,6832.0,2637800.0,262968929.0,20080825
3.1,3.1,3.18,3.06,3.1,7040.0,1954800.0,197032397.0,20080903
3.23,3.11,3.41,3.06,3.25,14603.0,3926700.0,406722744.0,20080912
3.1,3.13,3.32,2.89,3.09,12258.0,3981600.0,397019165.0,20080923
3.19,3.13,3.34,2.95,3.21,8196.0,2419100.0,248809660.0,20081002
3.09,3.19,3.27,2.35,3.08,16686.0,6016400.0,560234920.0,20081013
2.72,3.13,3.29,2.61,2.77,16688.0,5014800.0,482042238.0,20081022
2.82,2.68,3.13,2.54,2.86,15787.0,3912600.0,354340872.0,20081031
3.17,2.84,3.22,2.79,3.19,13175.0,3815200.0,368738621.0,20081111
3.26,3.08,3.52,2.94,3.26,15154.0,4153500.0,434835792.0,20081121
3.04,3.34,3.35,2.89,3.04,13434.0,4004600.0,398130095.0,20081202
3.27,2.98,3.39,2.9,3.29,12107.0,2991100.0,302044007.0,20081211
3.14,3.27,3.47,3.11,3.14,12234.0,3048900.0,323591525.0,20081222
3.15,3.13,3.31,3.04,3.14,6809.0,2036200.0,206962290.0,20090106
3.06,3.15,3.2,3.02,3.06,9463.0,3100700.0,310214571.0,20090115
2.93,3.09,3.11,2.88,2.94,8202.0,1921900.0,183264602.0,20090126
3.06,2.95,3.14,2.91,3.06,8251.0,2216600.0,212892488.0,20090204
3.1,3.04,3.21,3.04,3.1,9710.0,2426700.0,243917322.0,20090213
3.1,3.11,3.17,3.02,3.07,7693.0,1843100.0,182377580.0,20090226
2.95,3.05,3.07,2.8,2.95,12150.0,2787400.0,261293749.0,20090309
3.25,2.99,3.25,2.99,3.24,11075.0,2671400.0,267711044.0,20090318
3.49,3.24,3.51,3.16,3.49,12404.0,2553800.0,275420036.0,20090327
3.57,3.4,3.69,3.38,3.59,10015.0,2534500.0,289076026.0,20090407
3.56,3.57,3.62,3.37,3.59,11079.0,2967300.0,334561023.0,20090417
3.75,3.56,3.83,3.5,3.78,9756.0,2146000.0,253340738.0,20090429
3.92,3.8,4.01,3.77,3.93,10726.0,2855900.0,358592656.0,20090511
3.94,3.93,4.01,3.75,3.96,10195.0,2819100.0,351082337.0,20090520
4.03,3.92,4.15,3.9,4.03,10241.0,2866400.0,367469420.0,20090529
3.98,4.04,4.15,3.93,3.98,10451.0,2719000.0,349936111.0,20090609
4.03,4.05,4.08,3.91,4.03,10346.0,2576000.0,329485081.0,20090619
3.94,3.98,4.08,3.89,3.98,9482.0,1910200.0,242572321.0,20090630
3.96,4.02,4.04,3.88,3.98,10495.0,2133000.0,269434191.0,20090710
4.23,3.98,4.29,3.93,4.23,12415.0,2543200.0,332688944.0,20090721
4.19,4.2,4.29,4.08,4.19,11783.0,3243200.0,430429323.0,20090730
4.29,4.2,4.35,4.13,4.28,10527.0,2159700.0,291329432.0,20090810
4.32,4.27,4.4,4.19,4.32,9559.0,2032000.0,276368194.0,20090819
4.47,4.33,4.52,4.29,4.46,7795.0,1536500.0,216151633.0,20090828
4.4,4.51,4.51,4.27,4.38,9116.0,1695800.0,233755502.0,20090909
4.6,4.36,4.63,4.34,4.63,10472.0,2090300.0,296156274.0,20090918
4.6,4.6,4.73,4.53,4.6,8131.0,1660400.0,239278248.0,20090929
5.07,4.63,5.07,4.55,5.01,11927.0,2227400.0,337378533.0,20091008
5.18,5.01,5.3,5.01,5.18,10409.0,1798900.0,290167684.0,20091020
5.18,5.17,5.34,4.94,5.22,11835.0,2773700.0,449022600.0,20091029
5.46,5.27,5.46,4.94,5.45,12699.0,2730400.0,444428464.0,20091110
5.33,5.53,5.72,5.27,5.34,16537.0,3185400.0,543348881.0,20091119
5.38,5.4,5.5,5.26,5.38,10571.0,2424700.0,406971638.0,20091201
5.37,5.4,5.53,5.32,5.37,9168.0,2520900.0,422360779.0,20091210
5.33,5.46,5.54,5.18,5.33,7914.0,1853400.0,311792258.0,20091221
5.73,5.34,5.77,5.34,5.73,6437.0,1633900.0,281622251.0,20100105
5.98,5.7,6.06,5.63,6.03,7369.0,1517500.0,272407684.0,20100114
5.69,6.05,6.05,5.67,5.72,9273.0,1954000.0,351906647.0,20100126
5.56,5.69,5.82,5.53,5.54,9281.0,2086700.0,366685441.0,20100204
5.73,5.58,5.8,5.34,5.8,8856.0,1912400.0,324149066.0,20100217
5.64,5.77,5.82,5.55,5.65,6684.0,1334800.0,234835824.0,20100226
5.55,5.7,5.83,5.53,5.53,9318.0,2223400.0,387103252.0,20100309
5.56,5.58,5.58,5.41,5.54,7134.0,1512600.0,257153846.0,20100318
5.46,5.54,5.58,5.33,5.46,7921.0,1519000.0,252122269.0,20100329
5.4,5.43,5.46,5.28,5.42,11924.0,2295800.0,377115759.0,20100408
5.55,5.42,5.69,5.39,5.54,12122.0,2477600.0,419692987.0,20100419
5.53,5.53,5.72,5.43,5.55,9212.0,2246100.0,382665085.0,20100429
5.7,5.51,5.76,5.46,5.69,12288.0,3274700.0,561337238.0,20100510
5.69,5.67,5.83,5.67,5.69,12294.0,3143000.0,553838228.0,20100519
5.69,5.68,5.77,5.48,5.69,13200.0,3666200.0,634693676.0,20100528
5.79,5.69,5.86,5.54,5.8,11130.0,3049000.0,535326137.0,20100609
6.04,5.8,6.05,5.78,6.02,7167.0,2028000.0,368383955.0,20100618
6.1,6.05,6.22,5.99,6.1,8860.0,2355300.0,440668551.0,20100629
5.97,6.05,6.06,5.75,5.99,10154.0,2618400.0,473727177.0,20100708
6.11,6.01,6.15,5.89,6.13,10639.0,2608900.0,481215905.0,20100720
6.2,6.17,6.24,6.05,6.19,9307.0,2170100.0,408175550.0,20100729
5.99,6.19,6.34,5.88,5.98,10917.0,2415100.0,452490520.0,20100809
6.24,5.96,6.24,5.86,6.24,11047.0,2542600.0,470663034.0,20100818
6.17,6.19,6.39,6.01,6.15,8876.0,1912400.0,360827203.0,20100827
6.41,6.12,6.41,6.09,6.41,7566.0,1634500.0,315472941.0,20100908
6.59,6.39,6.81,6.34,6.58,9566.0,1792000.0,356693620.0,20100917
6.8,6.6,6.8,6.54,6.79,11226.0,2313100.0,472654845.0,20100928
7.18,6.77,7.21,6.72,7.18,9987.0,2287300.0,482629747.0,20101007
7.66,7.18,7.72,7.16,7.62,10514.0,1967900.0,446615547.0,20101019
7.61,7.65,8.01,7.5,7.57,18839.0,3470400.0,805822390.0,20101028
7.82,7.68,8.07,7.61,7.78,10865.0,2288900.0,538579900.0,20101109
8.03,7.79,8.03,7.63,8.02,7814.0,1498800.0,351898368.0,20101119
7.66,8.07,8.14,7.59,7.66,11312.0,2361500.0,559005755.0,20101130
7.92,7.78,8.07,7.75,7.95,8100.0,1415600.0,331579731.0,20101209
8.23,7.94,8.4,7.87,8.26,8993.0,2074200.0,374596110.0,20101220
8.52,8.28,8.7,8.28,8.53,18240.0,7539100.0,380268658.0,20101230
8.42,8.68,8.75,8.36,8.42,27733.0,10025100.0,506226988.0,20110111
7.69,8.31,8.34,7.64,7.67,40570.0,15309300.0,719667158.0,20110120
7.48,7.75,7.97,7.39,7.49,35546.0,13320600.0,605280669.0,20110201
7.13,7.53,7.66,7.11,7.11,29968.0,10458100.0,457179855.0,20110210
7.77,7.15,7.86,7.13,7.77,27669.0,9375100.0,418523388.0,20110221
7.9,7.7,7.93,7.27,7.92,30989.0,11602300.0,520488270.0,20110302
7.66,7.97,7.99,7.52,7.66,31456.0,11093000.0,500950831.0,20110315
7.68,7.74,7.79,7.45,7.68,24945.0,8559200.0,380254259.0,20110324
7.92,7.7,8.04,7.49,7.92,26466.0,9587600.0,433414829.0,20110404
7.78,7.92,8.0,7.7,7.78,21964.0,6947800.0,317999767.0,20110413
8.4,7.73,8.48,7.67,8.44,26742.0,10555400.0,502214641.0,20110426
8.77,8.45,8.89,8.25,8.74,33090.0,14678800.0,737321197.0,20110505
8.46,8.88,9.02,8.44,8.46,25011.0,10188000.0,517177629.0,20110516
8.43,8.44,8.63,8.32,8.39,22616.0,7392500.0,366098381.0,20110525
8.43,8.4,8.52,8.18,8.38,21472.0,7318800.0,358105302.0,20110603
8.5,8.43,8.67,8.32,8.5,23054.0,8460000.0,419875329.0,20110614
8.53,8.41,8.74,8.29,8.53,23328.0,7499700.0,373159820.0,20110624
8.96,8.57,9.07,8.53,8.92,22585.0,7505800.0,386513488.0,20110705
8.55,9.01,9.12,8.38,8.54,28445.0,11078600.0,557856441.0,20110714
8.22,8.61,8.65,8.22,8.22,23845.0,8104900.0,394911696.0,20110725
8,8.2,8.2,7.85,7.99,35255.0,13324800.0,617758662.0,20110803
8.47,7.86,8.6,7.6,8.5,58608.0,18774300.0,871984805.0,20110812
9.25,8.57,9.26,8.51,9.21,44313.0,15543000.0,801405315.0,20110823
9.45,9.19,9.89,8.93,9.44,44291.0,13397500.0,725984340.0,20110901
9.43,9.41,9.59,9.09,9.42,39431.0,12097900.0,657174749.0,20110913
9.65,9.43,10.06,9.43,9.63,42006.0,11726800.0,658210740.0,20110922
9.67,9.65,9.93,9.49,9.68,39672.0,11677900.0,654610204.0,20111003
9.91,9.65,10.13,9.59,9.96,45325.0,11594900.0,653546249.0,20111013
10.23,9.93,10.42,9.77,10.23,37352.0,10775900.0,624125714.0,20111024
10.13,10.19,10.37,9.9,10.16,43107.0,12198200.0,704384039.0,20111103
10.21,10.1,10.25,9.91,10.19,28820.0,9688000.0,557813849.0,20111114
10.3,10.11,10.39,9.95,10.25,25762.0,7174600.0,416128569.0,20111124
10.8,10.21,11.16,10.19,10.87,36129.0,9641100.0,586881069.0,20111205
11.44,10.8,11.49,10.72,11.39,38549.0,10095500.0,648747964.0,20111214
11.65,11.47,11.88,11.39,11.66,33180.0,8855600.0,588216408.0,20111223
11.28,11.68,11.92,11.23,11.28,27463.0,8159800.0,540890468.0,20120104
11.16,11.25,11.36,10.99,11.17,31390.0,10057100.0,640932768.0,20120113
11.37,11.2,11.54,11.2,11.38,31222.0,8580400.0,557236661.0,20120124
11.44,11.31,11.54,10.88,11.42,41215.0,11118300.0,716718982.0,20120203
11.37,11.44,11.49,11.02,11.36,26453.0,6995700.0,449683406.0,20120214
12.03,11.41,12.06,11.24,12.03,44036.0,11507000.0,763365023.0,20120227
12.57,12.03,12.58,11.97,12.58,35034.0,8370100.0,578427948.0,20120307
12.99,12.68,13.48,12.66,13,36811.0,8732200.0,645280057.0,20120316
14.03,13.02,14.4,12.97,14.02,38000.0,9335600.0,718520846.0,20120327
13.2,14.03,14.09,13.12,13.23,44545.0,11357300.0,861155952.0,20120405
14.08,13.14,14.15,12.97,14.08,34877.0,8103300.0,626274841.0,20120417
14.53,14.12,14.85,14.05,14.56,36646.0,9087600.0,741661257.0,20120426
14.02,14.53,14.68,13.88,14.05,41950.0,11092100.0,888084163.0,20120508
13.74,13.95,14.07,13.44,13.65,40045.0,11209400.0,868660347.0,20120517
13.4,13.65,13.84,13.18,13.37,46030.0,11214700.0,857526690.0,20120528
13.37,13.5,13.68,12.76,13.37,55212.0,13928600.0,1038630245.0,20120606
13.74,13.23,13.74,12.77,13.72,65530.0,15844200.0,1187825004.0,20120618
13.47,13.71,14.13,13.25,13.48,46280.0,11107000.0,856582860.0,20120627
13.77,13.44,14.09,13.41,13.77,40477.0,8133200.0,625658572.0,20120706
13.5,13.65,13.8,13.08,13.5,36129.0,6750600.0,507692862.0,20120718
14.25,13.41,14.32,13.12,14.18,48048.0,8993700.0,683649227.0,20120727
14.09,14.23,14.46,13.77,14.05,42421.0,8856200.0,702833677.0,20120807
13.78,13.89,14.03,13.59,13.74,35469.0,8100800.0,625364316.0,20120816
13.55,13.78,13.84,13.19,13.55,37194.0,8496500.0,642237447.0,20120827
13.39,13.48,13.84,13.28,13.35,34930.0,7432200.0,562386756.0,20120905
13.84,13.4,13.98,13.3,13.84,51905.0,14020500.0,1073547778.0,20120917
13.84,13.9,13.99,13.52,13.83,38579.0,9037000.0,698871630.0,20120926
14.73,13.84,14.74,13.64,14.73,43328.0,10929600.0,864481001.0,20121005
15.17,14.67,15.2,14.57,15.2,37097.0,10791500.0,893080097.0,20121017
14.78,15.16,15.37,14.58,14.78,30531.0,9881500.0,824810289.0,20121026
14.7,14.78,15.28,14.63,14.69,29815.0,8346100.0,691507521.0,20121108
15.34,14.7,15.35,14.45,15.29,39457.0,8150000.0,673747884.0,20121121
15.99,15.32,16.02,15.19,15.93,39115.0,9568600.0,827681831.0,20121130
15.86,16.09,16.18,15.45,15.86,46772.0,11897600.0,1048291210.0,20121211
15.55,15.83,16.1,15.54,15.56,43398.0,11240600.0,991317478.0,20121220
15.73,15.48,15.83,15.21,15.71,31684.0,8423500.0,725755753.0,20130104
16.13,15.64,16.19,15.6,16.19,34567.0,7367600.0,642071008.0,20130115
16.85,16.09,16.88,16.04,16.8,28633.0,7404400.0,677473663.0,20130124
16.91,16.9,17.15,16.45,16.9,42196.0,11495800.0,1062890265.0,20130205
16.4,16.94,17.03,16.4,16.47,29167.0,7253300.0,664798254.0,20130218
15.72,16.59,16.84,15.57,15.74,46705.0,13144700.0,1173648156.0,20130227
16.05,15.62,16.62,15.51,16.12,46208.0,9985100.0,880027333.0,20130308
15.64,16.11,16.28,15.31,15.6,46897.0,12021800.0,1035546508.0,20130319
15.44,15.5,15.64,15.07,15.34,38667.0,10442000.0,881473267.0,20130328
14.9,15.43,15.46,14.83,14.91,37731.0,10968100.0,910594904.0,20130409
14.5,14.95,15.23,14.05,14.52,55052.0,15516700.0,1240886895.0,20130418
14.24,14.6,14.81,14.0,14.28,38563.0,10643400.0,843345949.0,20130429
15.44,13.95,15.45,13.93,15.45,62074.0,16412400.0,1351575518.0,20130509
15.79,15.44,16.11,15.27,15.73,52317.0,12965100.0,1124123235.0,20130520
15.21,15.83,15.95,15.13,15.21,40894.0,8876900.0,756834222.0,20130529
14.35,15.22,15.22,14.21,14.35,64145.0,23741800.0,1904261612.0,20130610
14.11,14.21,14.63,13.84,14.11,50220.0,12437500.0,968826269.0,20130619
15.23,13.89,15.33,13.71,15.14,68191.0,16335900.0,1289290613.0,20130628
15.05,15.21,15.38,14.66,15.08,43250.0,9477000.0,779585664.0,20130710
14.61,15.23,15.26,14.51,14.61,33790.0,7904000.0,648616612.0,20130719
14.91,14.62,15.06,14.61,14.95,31791.0,7655500.0,625038634.0,20130730
15.64,15.24,16.16,15.21,15.64,64467.0,15908300.0,1369454327.0,20130808
15.81,15.65,16.01,15.27,15.81,61112.0,13541000.0,1167344452.0,20130819
14.62,15.65,15.7,14.54,14.62,72205.0,14691100.0,1206571413.0,20130828
14.86,14.66,15.38,14.6,14.86,63772.0,16006200.0,1315667123.0,20130906
15.49,14.83,15.62,14.77,15.5,58996.0,13980000.0,1168612887.0,20130917
16,15.5,16.15,15.33,16.03,50282.0,12064100.0,1040948043.0,20130926
15.56,16,16.13,15.3,15.56,37010.0,8676400.0,740006204.0,20131007
15.5,15.57,15.83,15.21,15.52,46754.0,10585300.0,893062557.0,20131016
15.7,15.47,16.03,15.3,15.66,44272.0,10268400.0,879161291.0,20131025
15.12,15.75,15.75,14.99,15.1,59794.0,14190500.0,1188209829.0,20131105
16.33,15.14,16.39,15.14,16.33,122990.0,53194800.0,1836889237.0,20131114
16.48,16.23,16.68,15.94,16.48,124048.0,58290200.0,1015115714.0,20131127
15.76,16.52,16.61,15.51,15.73,114016.0,75650400.0,1289663653.0,20131206
15.38,15.77,15.95,15.2,15.39,116339.0,50533700.0,842898839.0,20131217
16.22,15.52,16.29,15.49,16.18,98204.0,42442900.0,719257474.0,20131230
16.12,16.2,16.46,15.48,16.11,158184.0,95187700.0,1629414571.0,20140110
16.06,16.09,16.35,15.75,16.04,94813.0,38880800.0,659243162.0,20140121
15.12,16.17,16.39,14.89,15.14,142301.0,78529000.0,1293545782.0,20140130
15.34,14.99,15.58,14.41,15.34,155110.0,74688500.0,1179889479.0,20140210
15.37,15.43,15.92,14.98,15.36,132043.0,60557900.0,989110236.0,20140219
16.09,15.47,16.19,15.26,16.04,131043.0,54460100.0,911229912.0,20140228
15.77,15.96,16.17,15.6,15.76,180155.0,66579900.0,1111922173.0,20140313
16,15.77,16.3,15.45,15.96,169975.0,67946300.0,1132584753.0,20140324
16.42,16.04,16.55,15.78,16.45,161668.0,71660700.0,1214893586.0,20140402
16.64,16.48,16.68,15.92,16.66,189292.0,84953100.0,1441479121.0,20140411
16.64,16.66,17.1,16.24,16.67,159683.0,62941500.0,1097263843.0,20140424
15.99,16.65,16.73,15.27,15.97,251841.0,130677900.0,2154082512.0,20140506
15.79,15.9,16.32,15.44,15.79,153242.0,70556500.0,1164218585.0,20140515
15.98,15.84,16.02,15.55,15.96,138455.0,52311800.0,863002044.0,20140526
15.55,15.98,15.98,15.19,15.5,142592.0,70255000.0,1134551060.0,20140604
15.02,15.53,15.8,14.99,15.01,159010.0,86652600.0,1397653215.0,20140616
14.96,15.02,15.35,14.79,14.96,114443.0,58960400.0,925582537.0,20140626
15.34,14.99,15.66,14.85,15.38,118670.0,53472900.0,849576081.0,20140707
15.45,15.39,15.63,14.85,15.45,177251.0,100522200.0,1588353217.0,20140717
15.75,15.6,16.17,15.56,15.77,141075.0,72328400.0,1200460167.0,20140728
14.88,15.74,16.02,14.51,14.94,177444.0,91512500.0,1431174263.0,20140806
15.31,15.02,15.39,14.91,15.34,151868.0,71149500.0,1117197280.0,20140815
15.96,15.44,16.22,15.36,16,144118.0,83629000.0,1361389635.0,20140826
15.74,16.1,16.1,15.29,15.78,186440.0,86398000.0,1406138222.0,20140904
15.47,15.74,15.82,14.91,15.44,178172.0,79531300.0,1258143872.0,20140915
15.94,15.49,15.98,15.27,15.92,218637.0,95956500.0,1563701778.0,20140924
15.72,15.79,16.0,14.78,15.69,185631.0,93273600.0,1490161700.0,20141003
15.48,16.06,16.36,15.17,15.49,203955.0,100923400.0,1646028562.0,20141014
14.69,15.34,15.66,14.51,14.73,220282.0,123529000.0,1927338033.0,20141023
15.87,14.75,16.15,14.45,15.88,238610.0,154119400.0,2411988823.0,20141103
16.09,15.97,16.26,15.48,16.11,147128.0,78744300.0,1279834209.0,20141112
16.65,15.99,17.1,15.37,16.57,173607.0,90836600.0,1493932357.0,20141124
15.35,16.57,16.72,15.28,15.35,176472.0,83678500.0,1368766304.0,20141203
15.2,15.52,15.7,15.01,15.23,139226.0,79856500.0,1256259205.0,20141212
15.94,15.29,16.07,14.71,16.02,195764.0,87811600.0,1384581149.0,20141223
16.34,15.97,16.5,15.32,16.38,137055.0,89599500.0,1447555960.0,20150107
16.77,16.29,16.86,16.12,16.76,140024.0,80914800.0,1351297531.0,20150116
16.82,16.67,17.25,16.4,16.84,126265.0,59820400.0,1017284991.0,20150127
17.58,16.69,17.71,16.64,17.54,164243.0,86569500.0,1510229047.0,20150205
18.04,17.43,18.22,17.2,18.05,132794.0,73845900.0,1328851690.0,20150218
18.15,18,18.72,17.89,18.18,133158.0,72322800.0,1329267748.0,20150227
17.45,18.23,18.45,17.28,17.49,143857.0,72809000.0,1325582819.0,20150310
18.42,17.57,18.62,17.42,18.43,149562.0,77830000.0,1413333038.0,20150319
18.59,18.58,18.82,18.49,18.58,27387.0,16627500.0,311097268.0,20150320
