39.03,35.11,39.68,33.9,38.9,733.0,2023000.0,72893949.0,20081210
39.13,39.37,40.49,37.0,39.11,898.0,1918400.0,75624042.0,20081219
42,39.49,42.0,36.43,41.59,500.0,1177600.0,45869825.0,20090105
38.03,42.06,42.47,37.7,38.44,579.0,1139600.0,46404726.0,20090114
38.08,37.89,40.37,36.8,38.32,544.0,1226600.0,47157057.0,20090123
40,38.06,40.9,37.91,39.72,424.0,824500.0,32777042.0,20090203
40.5,40.08,43.29,39.72,40.79,421.0,799700.0,33411184.0,20090212
38.65,41.87,41.99,37.95,38.67,270.0,348500.0,13755487.0,20090225
37.5,38.86,39.5,35.73,36.91,641.0,851200.0,31797278.0,20090306
39.79,36.4,39.79,36.4,39.38,519.0,1158500.0,44821125.0,20090317
42.7,39.7,42.7,38.82,42.58,585.0,2123100.0,88358534.0,20090326
44.35,41.85,44.58,40.0,44,536.0,2595500.0,110709680.0,20090406
46,43.8,46.34,43.53,45.79,538.0,2637300.0,118486140.0,20090416
45.85,45.7,46.85,44.07,45.72,675.0,3115900.0,141689549.0,20090428
51.36,46.21,52.8,46.12,50.85,758.0,2981700.0,146747200.0,20090508
51.42,50.17,51.88,48.1,51.34,974.0,2770000.0,138449290.0,20090519
53,51.84,53.0,49.4,52.7,642.0,2468300.0,125519325.0,20090528
53.6,54,54.85,51.45,53.47,1362.0,2681400.0,141661428.0,20090608
50.85,54.16,54.16,50.1,50.69,1567.0,3308800.0,170775270.0,20090618
52.02,51.34,52.02,48.79,51.89,1430.0,2262100.0,113931857.0,20090629
49.05,52.1,52.2,48.18,48.99,1372.0,3173000.0,159685468.0,20090708
53.05,48.74,53.05,46.26,52.88,1032.0,2553800.0,128850935.0,20090720
53.7,53.01,54.5,52.17,53.5,1474.0,2099500.0,112190211.0,20090729
56.11,54.3,56.5,53.93,56.07,1039.0,983300.0,54217283.0,20090807
55.7,55.95,56.98,54.55,55.35,1765.0,2363200.0,131633024.0,20090818
57.5,54.99,58.25,54.66,57.37,1578.0,2930000.0,167193738.0,20090827
57.63,57.81,57.81,54.92,57.4,1664.0,2389300.0,134300978.0,20090908
59.9,57.7,60.54,57.11,59.86,1497.0,2759000.0,162536843.0,20090917
60.99,60.01,61.69,59.2,60.87,2751.0,3137900.0,188690112.0,20090928
62.4,60.99,62.85,59.23,62.34,1989.0,2678500.0,163078993.0,20091007
66.9,62.85,67.27,62.6,66.9,1104.0,1790300.0,116143928.0,20091019
59.7,66.9,67.0,59.7,59.8,2073.0,2622200.0,167915705.0,20091028
65.9,60.94,65.9,60.27,65.82,1980.0,1743100.0,109765174.0,20091109
66,65.38,67.58,63.66,66.24,1885.0,1723700.0,113093918.0,20091118
66.9,64.53,67.52,64.05,66.6,875.0,1398200.0,92559293.0,20091130
67.3,67.62,69.21,66.69,67.25,1618.0,1990600.0,135152924.0,20091209
66.5,68,69.99,65.77,66.24,1214.0,1198500.0,81245979.0,20091218
69.37,66.4,69.45,65.61,69.45,1330.0,1114100.0,75105754.0,20100104
70,69.46,70.46,68.7,69.5,1834.0,1157600.0,80653343.0,20100113
65.59,70,70.0,64.91,65.37,2513.0,2935300.0,197015939.0,20100122
66.59,65.05,66.95,63.9,66.31,2777.0,1936200.0,126211252.0,20100203
65.6,66.1,66.21,60.76,65.26,3094.0,2465100.0,156467375.0,20100212
66,66.93,67.6,64.0,65.63,3506.0,2383700.0,157750752.0,20100225
67.84,66,68.6,65.01,68.13,2207.0,1323600.0,89075512.0,20100308
69.3,67.75,70.05,67.72,68.92,3272.0,2116500.0,146034601.0,20100317
68.3,69.24,69.4,67.3,68.14,3268.0,1761500.0,120552558.0,20100326
70.15,68.36,71.14,68.3,70.13,3296.0,1811900.0,126820334.0,20100407
68.84,69.9,71.3,68.31,68.94,4323.0,2047600.0,143559508.0,20100416
66.01,68.33,69.2,65.41,66.01,4365.0,3058100.0,206860214.0,20100428
62.5,66.51,67.45,60.5,62.3,4178.0,3434900.0,222962828.0,20100507
60.45,65.59,65.7,60.2,60.41,4045.0,2069600.0,131064925.0,20100518
61.7,59.62,61.7,57.0,61.66,5591.0,2673600.0,157916100.0,20100527
61.3,62.4,62.7,60.3,61.34,4172.0,2430900.0,149312320.0,20100608
64.1,61.52,64.59,60.95,63.8,3373.0,2434900.0,153139132.0,20100617
63.85,64.09,65.17,63.13,63.73,2830.0,1713800.0,109914377.0,20100628
62.8,62.94,62.94,59.49,62.67,2493.0,2265700.0,138876020.0,20100707
62.8,63.03,63.31,61.66,62.6,2620.0,1977200.0,123679208.0,20100719
66.19,62.68,66.47,62.25,66.14,3537.0,2367200.0,153620846.0,20100728
67.7,66.5,68.85,65.62,67.46,5158.0,2150360.0,144403058.5,20100806
67.15,67.79,67.85,64.09,66.73,5568.0,3106310.0,205296528.3,20100817
63.34,67.21,67.21,63.29,63.37,4020.0,2702800.0,175832710.6,20100826
66.1,63.5,67.04,63.3,65.76,3762.0,1908960.0,124700108.6,20100906
67.2,65.65,67.6,65.43,66.95,5005.0,1933260.0,128851155.7,20100916
68.11,66.9,68.89,66.3,68.15,6122.0,3413410.0,230616659.5,20100927
69.86,68.15,70.71,67.8,69.87,9235.0,2951500.0,204000953.4,20101006
71.1,70,71.35,68.64,71.06,4127.0,2381480.0,167467381.8,20101018
70,70.4,70.41,68.22,69.77,6754.0,3721600.0,258510098.8,20101027
72.01,70.53,72.4,69.5,71.9,4524.0,2128820.0,151250274.3,20101108
70,72.2,72.29,67.88,69.82,8270.0,2979060.0,207423726.9,20101118
67.33,69.5,70.4,66.4,67.15,6381.0,3104730.0,213124839.0,20101129
67.35,67.49,69.82,66.5,67.55,10192.0,2513350.0,171460829.9,20101208
67.26,67.52,68.7,66.2,67.1,9490.0,3709970.0,250089038.1,20101217
68.35,67.6,68.35,66.62,68.09,6368.0,2154750.0,145111628.5,20101229
69.31,68.47,70.4,68.3,69.13,5554.0,2067330.0,143321797.3,20110110
69.3,69.7,71.1,69.14,69.28,4404.0,2676540.0,187927289.0,20110119
65.78,69.01,69.23,65.14,65.76,6107.0,3849880.0,259645568.1,20110131
63.34,66.88,67.31,63.24,63.35,7059.0,2844810.0,185619122.2,20110209
67.5,63.6,67.5,63.47,67.18,8655.0,4719270.0,311238074.8,20110218
65.75,66.94,67.59,65.25,65.5,16134.0,4796330.0,317427249.4,20110301
66.4,65.5,67.47,64.81,66.4,6558.0,2546150.0,168780202.2,20110314
66.95,64.7,67.08,64.11,66.98,10526.0,5682580.0,374926559.1,20110323
68.49,67.39,68.6,66.25,68.4,6817.0,2781940.0,187747891.7,20110401
66.1,68.51,69.27,65.92,66.22,6412.0,3844860.0,262148277.2,20110412
66.11,66.9,66.9,64.0,66.23,11856.0,4041330.0,264240524.7,20110425
62.9,66.15,66.49,62.81,63.02,9619.0,5025380.0,327408839.0,20110504
62.4,62.51,64.34,62.18,62.55,6687.0,3085810.0,195012244.6,20110513
62.6,62.6,63.3,60.88,62.44,6695.0,2480800.0,154677616.0,20110524
63.39,62.4,64.0,62.2,63.2,6435.0,2053370.0,129656524.7,20110602
61.11,63.15,64.15,61.11,61.22,7665.0,2205480.0,137768231.7,20110613
60.32,61.74,61.89,59.77,60.57,9222.0,3422450.0,207483674.9,20110622
62.95,60.55,63.0,59.99,62.91,6062.0,2669660.0,163814994.3,20110704
59.83,62.6,63.0,58.92,59.92,8156.0,2495310.0,151235976.0,20110713
59.55,59.82,59.98,57.86,59.59,9623.0,3427900.0,202105926.2,20110722
56.6,59.99,59.99,56.51,56.6,10597.0,4264990.0,248063584.2,20110802
52.65,56.6,56.6,47.11,52.79,33194.0,12823060.0,651555755.5,20110811
51.75,52.65,54.3,51.2,51.7,15243.0,4860930.0,256563955.8,20110822
55.75,51.67,55.75,51.16,55.53,22807.0,6907320.0,368709499.4,20110831
55.3,56.78,57.84,53.0,55.13,26636.0,7548080.0,421543490.6,20110912
55.02,55.33,56.9,54.4,55.21,24665.0,8022250.0,448288761.8,20110921
51.6,53.4,54.3,51.25,51.54,21707.0,8485800.0,447478699.9,20110930
53.09,51.15,53.41,48.75,53.08,26514.0,10273030.0,524305945.5,20111011
54.6,53.61,54.75,52.51,54.55,22529.0,6575830.0,353979756.7,20111021
56.48,55,59.09,54.83,56.29,25272.0,9400710.0,533683631.6,20111101
57.66,57.82,58.8,56.43,57.82,21916.0,7026250.0,404724644.0,20111111
54.31,57.58,58.13,54.11,54.29,36507.0,10572680.0,590200978.5,20111123
57.03,54.73,58.25,53.81,57.07,25988.0,6769440.0,378611672.1,20111202
56.62,57.59,58.73,56.1,56.76,28003.0,7894980.0,452972289.9,20111213
56.5,56.88,57.7,54.5,56.52,27375.0,8482280.0,471943833.6,20111222
58.4,56.7,58.4,55.49,58.32,16272.0,3792630.0,216049123.1,20120103
59.1,57.71,59.68,57.15,59.13,13773.0,4138800.0,242046794.2,20120112
61.52,58.65,61.77,57.97,61.51,20793.0,8920220.0,536893552.4,20120123
63.59,61.27,63.85,60.75,63.46,26324.0,9067480.0,564996688.5,20120202
64.67,63.35,65.71,62.9,64.67,26368.0,12480820.0,800766381.6,20120213
64.89,64.69,65.51,63.84,64.9,24080.0,11272940.0,729957332.6,20120224
64.02,65.4,66.75,63.91,64.15,25284.0,12052380.0,786980372.4,20120306
66.62,64.69,67.93,64.38,66.78,17670.0,10327390.0,681766747.9,20120315
65.78,66.7,67.14,64.56,65.67,15122.0,10114940.0,665203346.1,20120326
62.65,65.74,65.92,62.5,62.6,20082.0,15309480.0,976340567.9,20120404
61.03,62.71,63.35,60.33,61.07,26039.0,13126880.0,807573409.5,20120416
60.94,61.62,62.5,60.01,60.78,23477.0,17556230.0,1079293867.6,20120425
60.34,60.3,62.9,59.47,60.23,32012.0,17983070.0,1087656078.5,20120507
55.12,60.2,60.2,54.57,55.15,40601.0,19243280.0,1104042046.7,20120516
53.7,55.6,55.78,52.18,53.7,50986.0,28815510.0,1549485197.5,20120525
51.72,54.25,54.92,51.72,51.78,28731.0,16340160.0,867101702.6,20120605
55.29,52.14,55.29,52.0,55.04,30754.0,19614080.0,1061925885.5,20120615
53,54.25,56.86,52.55,53.1,24999.0,18978400.0,1050826706.8,20120626
55.56,52.7,56.0,51.45,55.55,19454.0,9652530.0,518629729.0,20120705
53.05,54.8,55.05,51.62,53.08,17588.0,8624420.0,457654212.4,20120717
53.12,52.5,54.61,51.31,53.17,23481.0,11538890.0,607971028.0,20120726
57.37,53.53,58.0,53.43,57.6,27854.0,14670990.0,816642620.7,20120806
57.24,57.88,58.61,56.65,57.1,22489.0,10871480.0,627062054.4,20120815
57.42,57.94,59.23,56.86,57.54,26438.0,13112180.0,760181545.2,20120824
55.25,57.42,57.73,55.17,55.17,26857.0,9502010.0,536534978.0,20120904
61.17,55.7,62.32,55.2,61.01,34687.0,14241370.0,839853151.1,20120914
59.4,61,61.63,59.27,59.36,37592.0,9826940.0,595046447.8,20120925
57.25,59.11,59.78,57.04,57.33,21859.0,10805770.0,632495758.2,20121004
58.66,57.81,59.9,57.0,58.48,26605.0,11071500.0,643870084.5,20121016
56.71,58.8,59.4,56.14,56.85,31372.0,13556640.0,779270202.5,20121025
57.36,57,58.46,55.5,57.5,17775.0,8317890.0,472528170.3,20121107
55.26,57.7,57.96,54.08,55.43,23628.0,11664360.0,651242142.5,20121119
56.4,55.55,56.75,54.63,56.66,18844.0,10262690.0,571362393.0,20121129
57.98,56.69,58.02,55.61,57.98,21368.0,12410150.0,705568509.2,20121210
59.67,58.1,59.95,57.81,59.72,27666.0,15849140.0,929289738.5,20121219
61.92,59.85,62.21,59.09,61.9,26408.0,13823780.0,832632221.1,20130103
60.75,61.89,62.01,59.87,60.72,22578.0,8669690.0,525000805.0,20130114
60.81,60.9,61.3,60.02,60.75,18042.0,8174380.0,495931920.7,20130123
58.4,60.79,61.11,57.98,58.43,20119.0,9866210.0,581973950.8,20130204
56.7,58.85,58.87,56.59,56.7,25048.0,11323770.0,650584018.8,20130215
55.82,56.72,56.9,54.32,55.8,26934.0,13111790.0,727225660.4,20130226
57.58,55.85,58.25,54.85,57.63,36689.0,12273290.0,690101546.8,20130307
55.76,57.41,57.85,54.97,55.66,26198.0,11916390.0,672082050.9,20130318
54.92,55.5,55.72,53.6,54.82,22052.0,11214160.0,613537541.4,20130327
53.95,54.92,55.28,52.79,54,27605.0,11198830.0,603962601.9,20130408
51.82,54.76,55.89,51.49,51.79,31072.0,15042930.0,803151300.2,20130417
53.1,52.2,54.48,51.35,53.1,24306.0,11811740.0,629480890.3,20130426
54.7,53.43,55.65,53.28,54.71,48262.0,13494120.0,733773509.0,20130508
54.04,55,55.01,53.25,53.94,34149.0,10628650.0,572613001.7,20130517
54.8,53.99,55.94,53.54,54.84,27710.0,7901610.0,434729505.5,20130528
50.56,54.27,54.63,50.4,50.52,30465.0,13773020.0,718942880.4,20130607
48.35,50.4,50.8,47.44,48.52,37577.0,16696530.0,815706774.5,20130618
46.74,48.5,48.7,44.53,46.69,57556.0,28333790.0,1311287627.0,20130627
44.18,46.49,46.69,43.23,44.19,37728.0,16288570.0,732272663.8,20130708
46.65,44.21,47.2,44.21,46.83,23218.0,15024710.0,687747839.3,20130718
48.26,46.49,48.49,46.0,48.15,24123.0,12961270.0,618861770.7,20130729
46.58,48.34,48.69,46.23,46.7,29527.0,14450700.0,684998294.8,20130807
50.57,46.99,50.75,46.68,50.48,56664.0,21351250.0,1055264313.1,20130816
49.23,50.13,51.49,49.1,49.23,30853.0,9995700.0,500325569.7,20130827
51.1,49.23,51.2,48.62,51.03,56861.0,20215680.0,1005092613.7,20130905
52.48,51.52,53.48,51.52,52.3,27219.0,11583650.0,608064881.1,20130916
53.03,52.39,54.74,52.34,52.95,25208.0,9163500.0,489049160.1,20130925
51.7,52.85,53.04,50.89,51.8,21684.0,7381930.0,383179750.4,20131004
53.75,50.96,53.82,50.75,53.7,23080.0,8908290.0,463561192.2,20131015
53.57,53.9,55.5,53.13,53.32,27646.0,11478000.0,625203022.3,20131024
53.21,53.15,54.51,52.25,53.11,24246.0,10815260.0,573424122.6,20131104
51.09,53.28,53.29,50.13,51.05,18128.0,10505270.0,541873259.1,20131113
50.07,51.16,53.1,50.07,50.4,17021.0,7879380.0,404823958.8,20131126
49.44,50.46,51.28,48.95,49.42,20187.0,7795410.0,391592140.8,20131205
49.13,49.71,50.14,48.7,49.11,19655.0,6922810.0,341567847.1,20131216
50.14,49.2,50.5,48.91,50.04,14953.0,10395900.0,516522748.8,20131227
48.14,50.3,50.78,48.1,48.17,14561.0,7942500.0,392928949.1,20140109
47.5,48.14,49.29,47.5,47.58,29124.0,7650770.0,370317054.3,20140120
46.25,47.64,48.42,46.04,46.54,23215.0,10410190.0,489002237.0,20140129
47.01,46.3,47.11,45.01,46.93,33610.0,13409360.0,617766520.5,20140207
45.41,46.71,47.74,45.41,45.6,31115.0,11855350.0,554052788.0,20140218
46.55,45.39,46.67,45.01,46.5,41928.0,11122780.0,510625079.1,20140227
44.73,46.6,46.81,44.05,44.7,54704.0,8858510.0,399741380.9,20140312
46.28,44.84,46.6,43.77,46.13,37726.0,15629980.0,703676051.8,20140321
49.05,46.5,49.4,46.25,48.89,35671.0,10385200.0,497687771.1,20140401
49.86,49,52.09,48.93,49.67,29417.0,16730360.0,842236295.9,20140410
50.21,49.5,51.19,48.68,50.3,43745.0,22852560.0,1146990199.5,20140423
52.05,50.25,52.18,49.55,52.18,40499.0,13730480.0,694961444.9,20140505
52.93,51.74,53.09,51.7,52.92,20458.0,10726160.0,561931517.9,20140514
51.26,52.9,53.03,50.75,51.32,33365.0,11691040.0,605265897.6,20140523
50.7,51.42,52.0,49.98,50.6,42008.0,10725340.0,544772428.0,20140603
53.44,50.4,53.99,50.11,53.37,48651.0,10696630.0,556279681.3,20140613
51.96,53.43,53.77,51.95,52.09,30574.0,11197220.0,593978478.2,20140625
52.64,52.28,52.96,51.28,52.66,22306.0,6768470.0,351665866.0,20140704
54.27,52.3,54.86,51.94,54.13,28994.0,9962070.0,534166768.8,20140716
56.34,54.05,56.92,53.75,56.92,27460.0,10631560.0,590537199.7,20140725
54.64,56.37,56.54,53.81,54.75,38824.0,9280720.0,511466889.8,20140805
54.27,54.66,55.55,53.67,54.28,54339.0,10322740.0,564196834.4,20140814
58.2,54.41,58.2,54.41,58.07,40295.0,7313390.0,412472608.0,20140825
60.24,58.15,60.68,57.96,60.15,52697.0,9735870.0,579494792.7,20140903
55.25,59.56,60.09,55.15,55.41,41964.0,9897590.0,568516835.5,20140912
54.82,55.49,58.61,54.44,55.13,38532.0,11633080.0,658115278.5,20140923
51.8,54.78,55.94,51.04,52.2,53044.0,17329670.0,920765287.8,20141002
56.16,52.5,57.74,51.87,56.38,44542.0,19245450.0,1069195696.8,20141013
50.99,56.38,57.28,50.06,50.97,53750.0,25008410.0,1323196713.8,20141022
52.98,50.99,52.98,46.71,52.78,62270.0,24450570.0,1225651399.5,20141031
50.94,52.53,52.94,50.55,50.87,51770.0,13105190.0,679206226.9,20141111
54.67,50.87,54.76,49.1,54.69,32210.0,16613100.0,859970944.5,20141121
50.11,55.28,55.75,50.06,50.38,48046.0,18165940.0,963963413.4,20141202
48.37,50.66,51.2,47.45,48.52,27727.0,8365500.0,411781197.9,20141211
48.65,48.17,48.67,44.13,48.56,47257.0,15918350.0,741168795.5,20141222
46.58,48.63,49.8,45.99,46.6,55372.0,11749590.0,563791818.9,20150106
47,47.04,48.89,46.11,46.89,57679.0,18623640.0,881307163.1,20150115
47.19,47.24,48.99,46.2,47.09,37711.0,13793220.0,654583939.4,20150126
47.77,46.89,48.37,45.22,48.09,67811.0,17010330.0,788980539.8,20150204
49.39,47.52,49.39,46.54,49.32,118727.0,16292030.0,778288897.0,20150213
50.31,49.93,50.81,49.28,50.39,59169.0,10501070.0,524712580.2,20150226
47.75,50.07,51.07,47.57,47.88,96764.0,16547000.0,815561700.8,20150309
50.1,47.25,50.36,46.38,50.04,40617.0,20098810.0,962187316.6,20150318
48.66,50.1,50.86,48.55,48.85,44933.0,25973180.0,1292396545.8,20150327
52.22,48.68,52.99,48.42,52.24,41436.0,21099170.0,1086990582.3,20150408
52.45,52.26,53.39,51.78,52.4,24310.0,12446820.0,655611896.0,20150417
53.68,52.46,55.38,52.02,53.7,51075.0,18116290.0,969922808.7,20150429
55.52,53.41,56.9,53.33,55.59,30194.0,11356790.0,628229693.0,20150511
53.34,55.32,56.09,53.26,0,0.0,0.0,0.0,20150520
51.35,53.07,53.77,51.28,51.63,61822.0,15630360.0,820604698.8,20150529
52.35,51.18,52.75,51.1,52.23,42854.0,20245430.0,1048025245.6,20150610
52.22,52.61,52.84,51.06,52.24,31712.0,15156340.0,786882036.9,20150619
51.46,52.4,52.85,51.1,51.39,42046.0,14732470.0,764807196.2,20150630
51,51.61,51.91,49.67,51.02,37017.0,12369780.0,629385693.3,20150710
49.93,51.26,51.91,49.8,49.86,22061.0,8462400.0,432163580.7,20150721
47.78,49.74,49.74,47.2,47.55,14325.0,5879470.0,285230275.8,20150724
