9.04,9.17,9.87,8.92,9.04,135081.0,309968000.0,5306111487.0,20090707
9.97,9.07,10.26,9.04,9.97,69334.0,101412300.0,1808612290.0,20090717
9.3,10,10.08,9.14,9.3,45209.0,72405700.0,1270764731.0,20090728
9.71,9.27,10.18,9.17,9.68,36882.0,33040500.0,589039994.0,20090806
9.15,9.76,9.83,8.9,9.14,38442.0,59004900.0,1011547758.0,20090817
9.27,9.16,9.57,9.05,9.27,29168.0,28683000.0,488115942.0,20090826
8.84,9.2,9.27,8.66,8.84,33761.0,36299600.0,588095735.0,20090904
9.25,8.87,9.29,8.67,9.26,47431.0,37685300.0,611170477.0,20090916
9.79,9.31,10.29,9.29,9.77,49712.0,37279400.0,668260694.0,20090925
9.82,9.83,9.97,9.27,9.83,25985.0,27814100.0,487934216.0,20091006
9.84,9.76,9.98,9.29,9.86,39407.0,42700300.0,752241328.0,20091016
8.67,9.97,10.11,8.66,8.67,32615.0,31975600.0,548819274.0,20091027
9.16,8.71,9.48,8.38,9.15,30404.0,25217900.0,415884972.0,20091106
9.14,9.3,9.37,8.99,9.19,22175.0,27018200.0,453085481.0,20091117
8.87,9.22,9.22,8.34,8.88,40591.0,49939100.0,797242540.0,20091127
7.87,8.88,9.3,7.83,7.88,67218.0,70105400.0,1097048795.0,20091208
7.99,7.89,8.34,7.32,7.94,69580.0,90050800.0,1293388069.0,20091217
8.38,8.01,8.42,7.85,8.39,23121.0,21838200.0,324779871.0,20091230
8.27,8.41,8.97,8.22,8.3,27850.0,32269600.0,506471932.0,20100112
8.05,8.32,8.42,7.88,8.02,18560.0,19893100.0,296206736.0,20100121
8.27,7.95,8.57,7.94,8.27,24882.0,23582800.0,355291901.0,20100202
7.8,8.27,8.55,7.63,7.79,31113.0,24632900.0,360716307.0,20100211
7.82,7.72,7.92,7.51,7.83,33769.0,33477100.0,469700968.0,20100224
8.14,7.72,8.19,7.58,8.13,24703.0,24628100.0,356216719.0,20100305
8.39,8.11,8.42,8.03,8.41,27037.0,21141700.0,312589746.0,20100316
9.43,8.38,9.79,8.34,9.37,43743.0,43130000.0,706097441.0,20100325
9.19,9.43,9.79,9.04,9.2,29332.0,27517600.0,456476075.0,20100406
9.07,9.18,9.38,8.79,9.12,30244.0,23074000.0,369095396.0,20100415
9.37,9.07,9.79,9.03,9.42,28388.0,23243800.0,385994704.0,20100427
9.32,9.44,9.79,9.15,9.44,44464.0,42620700.0,718361713.0,20100506
10.17,9.47,10.22,9.2,10.14,35558.0,30774400.0,532586723.0,20100517
8.5,10.26,10.29,8.19,8.49,52882.0,52289900.0,820290818.0,20100526
9.03,8.54,9.17,8.47,8.99,26796.0,19190000.0,298690422.0,20100607
9.52,9.04,9.84,8.88,9.57,27325.0,17219300.0,287041729.0,20100616
9.31,9.57,9.77,9.07,9.32,28700.0,17539500.0,289202778.0,20100625
8.71,9.31,9.4,8.19,8.71,30337.0,18538600.0,283176246.0,20100706
9.14,8.71,9.48,8.67,9.12,27243.0,20457400.0,330469124.0,20100716
8.74,9.23,9.26,8.62,8.74,36089.0,19991000.0,312830819.0,20100727
9,8.74,9.28,8.58,9.01,40601.0,34821800.0,546851576.0,20100805
8.99,8.87,9.17,8.74,8.99,28941.0,21643600.0,341877892.0,20100816
8.57,9.02,9.14,8.52,8.57,24179.0,21545800.0,333427537.0,20100825
8.49,8.58,8.77,8.3,8.49,33818.0,24302300.0,366763609.0,20100903
8.84,8.52,8.85,8.52,8.83,23030.0,19107100.0,290299194.0,20100915
8.65,8.86,9.08,8.53,8.61,54836.0,38268900.0,569851793.0,20100924
8.97,8.71,9.01,8.54,8.96,43056.0,29609800.0,438972670.0,20101005
8.86,9.01,9.14,8.49,8.86,53142.0,35319800.0,529344058.0,20101015
8.52,8.82,8.87,8.24,8.52,38006.0,30950400.0,446888997.0,20101026
8.42,8.55,8.77,8.37,8.42,41574.0,31131600.0,452456206.0,20101105
8.79,8.43,8.87,8.41,8.77,28774.0,17899600.0,262236252.0,20101117
8.52,8.84,8.92,8.42,8.52,28882.0,13402800.0,196901197.0,20101126
8.87,8.47,9.15,8.45,8.88,33287.0,22120700.0,332681473.0,20101207
8,8.81,9.0,7.98,8.02,51870.0,30966700.0,438190815.0,20101216
7.82,8.01,8.07,7.67,7.82,22929.0,15596400.0,208044899.0,20101228
7.67,7.83,8.11,7.62,7.68,27370.0,21395400.0,282851282.0,20110107
7.67,7.67,7.83,7.53,7.67,23231.0,18559300.0,240578535.0,20110118
7.41,7.68,7.72,7.23,7.39,29205.0,32553800.0,414832855.0,20110128
6.82,7.41,7.41,6.51,6.86,44008.0,35924800.0,420959208.0,20110208
7.56,6.85,7.69,6.51,7.56,42628.0,41904200.0,496814480.0,20110217
7.71,7.55,8.11,7.53,7.72,41843.0,30127400.0,401366344.0,20110228
8.35,7.77,8.49,7.47,8.31,32738.0,19001000.0,258628670.0,20110311
8.52,8.71,9.0,8.15,8.52,30139.0,22003000.0,301820590.0,20110322
8.52,8.47,8.72,8.24,8.52,25907.0,16976500.0,233800123.0,20110331
8.48,8.52,9.08,8.37,8.47,35047.0,25583100.0,361226404.0,20110411
8.43,8.43,8.77,8.18,8.43,32701.0,17601900.0,241969999.0,20110420
8.92,8.4,9.47,8.32,8.97,43432.0,34943800.0,481060479.0,20110503
9.7,8.97,10.24,8.87,9.7,49881.0,37985700.0,498346618.0,20110512
9.32,9.74,9.8,9.22,9.29,38558.0,21701100.0,278672936.0,20110523
9.82,9.41,9.97,9.38,9.82,42969.0,19453400.0,337827881.0,20110601
9.8,9.76,9.99,9.59,9.76,18620.0,6495400.0,258265459.0,20110610
9.43,9.83,9.92,9.27,9.44,21915.0,9738100.0,377905676.0,20110621
9.75,9.43,9.83,9.23,9.75,23825.0,7153600.0,274978704.0,20110701
9.73,9.67,9.82,9.45,9.7,18270.0,5984200.0,233743939.0,20110712
10.17,9.73,10.25,9.73,10.17,32494.0,9198900.0,372580808.0,20110721
10.63,10.11,10.82,9.93,10.62,37340.0,10519300.0,441805055.0,20110801
10.02,10.61,10.98,9.78,10.02,49079.0,19845100.0,831431923.0,20110810
9.68,10.03,10.12,9.42,9.65,46047.0,15886600.0,629416386.0,20110819
10.02,9.67,10.04,9.45,10.02,38686.0,10377200.0,410714080.0,20110830
10.56,10.02,10.75,9.95,10.53,40772.0,14723300.0,616428523.0,20110909
11.13,10.55,11.34,10.31,11.12,39424.0,12249500.0,533599433.0,20110920
10.64,11.15,11.34,10.51,10.67,40303.0,10421200.0,445316476.0,20110929
11.32,10.62,11.32,10.29,11.3,47783.0,14252400.0,610051401.0,20111010
11.41,11.25,11.64,10.92,11.41,40690.0,10652300.0,474157788.0,20111020
11.5,11.43,11.95,11.23,11.57,30845.0,8469700.0,387275039.0,20111031
12,11.27,12.13,11.19,12.02,28188.0,7323100.0,342633619.0,20111110
11.5,12.13,12.65,11.37,11.52,38663.0,11381800.0,537886485.0,20111122
12.4,11.47,12.43,11.47,12.29,36601.0,10668300.0,504844382.0,20111201
11.84,12.44,12.51,11.53,11.85,40418.0,11474000.0,539920196.0,20111212
11.99,11.96,12.19,11.68,11.99,49247.0,13603400.0,640869993.0,20111221
12.25,11.95,12.44,11.82,12.28,29331.0,7104700.0,341121842.0,20120102
12.37,12.29,12.44,12.0,12.34,41899.0,9103400.0,438782405.0,20120111
13.05,12.35,13.16,12.25,13.06,36966.0,8954500.0,448913284.0,20120120
13.37,13.07,13.38,12.72,13.28,45697.0,12004700.0,619541406.0,20120201
13.93,13.65,14.72,13.43,13.92,73187.0,26790300.0,1492702991.0,20120210
14.92,14,15.27,13.69,14.87,46720.0,15272800.0,879187065.0,20120223
16.19,14.85,16.19,14.85,16.19,41397.0,11918700.0,730921342.0,20120305
15.57,16.12,16.3,15.32,15.55,34618.0,11026300.0,683466051.0,20120314
15.2,15.43,15.65,15.17,15.29,23414.0,6802200.0,406016909.0,20120323
16.42,15.32,16.52,15.2,16.3,24647.0,8376500.0,515798953.0,20120403
16.68,16.32,17.14,16.23,16.75,27029.0,8179800.0,529200864.0,20120413
15.95,16.77,16.77,14.83,15.96,38731.0,12294400.0,721855425.0,20120424
17.54,16.15,18.45,16.02,17.54,52774.0,19984900.0,1126271574.0,20120504
18.1,17.37,18.72,17.3,18.12,40343.0,10786300.0,627535880.0,20120515
15.86,18.16,18.39,15.66,15.82,63926.0,17348900.0,940532112.0,20120524
16.87,15.87,17.33,15.69,16.88,46034.0,13169400.0,704204185.0,20120604
17.35,17.02,18.12,16.97,17.35,50161.0,12320700.0,693821421.0,20120614
17.72,17.46,17.97,16.06,17.72,42849.0,15048900.0,842268703.0,20120625
18.34,17.79,18.74,17.72,18.35,43609.0,9961600.0,584394570.0,20120704
19.03,18.47,19.13,18.17,19.02,42258.0,10621000.0,639054861.0,20120716
19.47,19.12,19.87,18.9,19.52,35102.0,9083200.0,567447161.0,20120725
19.17,19.68,19.68,18.29,19.16,61408.0,14437200.0,878954527.0,20120803
18.56,19.21,19.79,18.48,18.64,38578.0,9580600.0,587408149.0,20120814
18.21,18.7,18.89,17.67,18.19,35477.0,9804900.0,580273360.0,20120823
18.91,18.14,19.18,17.83,19.02,41857.0,10998300.0,659991626.0,20120903
18.34,19.02,19.18,18.14,18.29,45943.0,12058900.0,727499216.0,20120913
18.25,18.62,19.65,18.07,18.27,54082.0,16069400.0,943204221.0,20120924
15.95,18.06,18.11,15.62,15.92,91477.0,33065400.0,1725785068.0,20121003
16.21,16.04,16.94,15.95,16.23,59440.0,20008400.0,1037509673.0,20121015
14.6,16.19,16.82,14.17,14.59,69588.0,31120600.0,1485041308.0,20121024
17.01,15.19,17.1,14.91,16.97,60544.0,21810600.0,1087685008.0,20121106
17.4,17,17.53,16.87,17.49,38558.0,11867300.0,642764352.0,20121116
18.12,17.32,18.13,17.11,18.07,34505.0,10746900.0,595311448.0,20121128
17.34,18.06,18.43,17.02,17.34,44721.0,14519600.0,798353360.0,20121207
17.47,17.33,17.72,17.1,17.46,45862.0,12066800.0,660404767.0,20121218
18.57,17.42,18.69,17.23,18.57,31745.0,12221900.0,683661563.0,20130102
17.56,18.59,18.91,17.39,17.57,43984.0,17447300.0,999426305.0,20130111
17.58,17.53,17.76,17.12,17.61,43089.0,13439300.0,738581196.0,20130122
18.34,17.61,18.49,17.36,18.39,47165.0,14401700.0,803160994.0,20130201
17.53,18.27,18.5,17.2,17.53,52160.0,16229400.0,910055804.0,20130214
18.73,17.51,19.0,17.44,18.8,62661.0,16303900.0,936068689.0,20130225
18.86,18.54,19.39,18.54,18.9,54799.0,17336800.0,1032077691.0,20130306
18.58,19.03,19.04,17.89,18.58,51324.0,19612800.0,1138455064.0,20130315
18.82,18.34,19.02,18.29,18.87,42815.0,15945100.0,912758297.0,20130326
19.61,18.66,19.68,18.57,19.61,38039.0,10088800.0,598322368.0,20130405
20.4,19.57,20.78,19.52,20.48,49907.0,16178700.0,1007542429.0,20130416
20.56,20.23,21.2,20.23,20.55,38690.0,11908900.0,758662842.0,20130425
21.31,20.48,21.62,19.84,21.38,60483.0,17756900.0,965150309.0,20130507
21.31,21.46,22.23,21.11,21.27,42111.0,12573200.0,695881771.0,20130516
21.21,21.01,21.49,20.2,21.26,59023.0,24648500.0,1308100788.0,20130527
21,21.36,22.05,20.91,21.01,50370.0,15055900.0,826725184.0,20130606
20.78,21,21.12,20.28,20.73,50386.0,11516900.0,609492935.0,20130617
20.69,20.52,21.19,19.75,20.69,55992.0,13624800.0,713352787.0,20130626
21.86,20.65,22.21,20.65,21.86,50111.0,14115000.0,785312730.0,20130705
21.56,21.88,22.24,21.34,21.54,36689.0,11099400.0,617591039.0,20130717
21.46,21.54,22.03,21.36,21.76,29270.0,7713800.0,428223766.0,20130726
21.5,21.59,22.21,21.27,21.48,34794.0,7910800.0,440907706.0,20130806
21.89,21.49,22.2,21.27,21.75,53211.0,12885200.0,720525536.0,20130815
22.96,21.89,23.03,21.57,22.96,49411.0,14894600.0,849605001.0,20130826
22.41,22.76,23.3,22.07,22.41,53467.0,16494200.0,956025043.0,20130904
22.43,22.44,22.64,21.38,22.38,51543.0,13161200.0,752260576.0,20130913
22.77,22.68,23.61,22.5,22.76,44188.0,14606400.0,845064709.0,20130924
24.73,22.74,24.73,22.35,24.66,46395.0,11475600.0,688117384.0,20131003
26.17,24.67,26.27,24.53,26.17,50076.0,12670700.0,803039489.0,20131014
26.19,26.11,26.83,25.83,26.2,44042.0,17609500.0,1160771824.0,20131023
27.04,26.18,27.45,25.66,26.99,37100.0,9243300.0,617416048.0,20131101
25.81,27.05,27.42,25.74,25.78,43103.0,11304900.0,752092715.0,20131112
26.42,25.81,26.91,25.72,26.42,44980.0,10207700.0,679110700.0,20131125
26.14,26.41,27.06,26.06,26.19,30470.0,6977800.0,466136297.0,20131204
25.87,26.22,26.57,25.23,25.93,42713.0,12104300.0,789182059.0,20131213
26.06,25.96,26.73,25.53,26.01,35256.0,10300600.0,677811329.0,20131226
26.89,26.11,27.37,25.87,27.06,43589.0,15347000.0,1030590917.0,20140108
26.33,27.06,27.11,26.26,26.33,33429.0,11696500.0,783988937.0,20140117
25.14,26.31,26.53,24.91,25.11,43804.0,10004400.0,646426930.0,20140128
25.6,25.26,25.86,24.66,25.52,49354.0,14399700.0,914836157.0,20140206
25.69,25.5,26.48,25.2,25.73,50201.0,11115200.0,723747163.0,20140217
25.5,25.76,26.33,25.34,25.51,43900.0,9605400.0,622780382.0,20140226
27.16,25.69,27.25,25.15,27.24,47802.0,12644800.0,827713134.0,20140311
28.53,27.02,28.68,26.61,28.52,46625.0,9717800.0,662833132.0,20140320
29.26,28.36,29.39,28.29,29.24,45844.0,12954900.0,921382039.0,20140331
29.68,29.38,30.46,28.73,29.57,80169.0,30606800.0,1114461036.0,20140409
31.6,29.48,31.61,29.04,31.56,59968.0,18833900.0,698280369.0,20140422
31.76,31.66,32.39,30.66,31.75,66765.0,21639700.0,839320676.0,20140502
31.39,32.17,33.23,31.2,31.49,76954.0,24330800.0,954672167.0,20140513
32.13,31.52,32.17,30.66,32.11,63574.0,15561800.0,603834737.0,20140522
32.87,31.96,33.22,31.85,32.91,52307.0,15102100.0,608040505.0,20140602
36.15,32.91,36.18,32.77,36.06,68655.0,20400400.0,870863185.0,20140611
37.73,36.17,37.82,35.76,37.76,66497.0,17197100.0,776941197.0,20140624
36.3,37.51,37.76,35.45,36.23,61951.0,21526700.0,977983741.0,20140703
36.88,36.38,38.16,36.15,36.89,61246.0,14997100.0,685801188.0,20140715
36.44,37.05,37.2,34.04,36.44,98502.0,25078900.0,1102811040.0,20140724
34.77,36.22,36.6,33.06,34.64,73275.0,28461000.0,1216450605.0,20140804
34.67,34.72,35.21,32.81,34.76,101470.0,28810000.0,1202744545.0,20140813
33.99,34.62,35.66,33.23,33.94,68111.0,17879200.0,760844570.0,20140822
33.5,34.04,35.13,32.41,33.46,86747.0,27802800.0,1163312755.0,20140902
32.95,33.31,34.08,32.66,32.96,78740.0,21432400.0,883538936.0,20140911
32.1,32.85,34.36,32.07,32.11,86711.0,23878000.0,963203374.0,20140922
31.85,31.98,33.06,30.63,31.91,105860.0,33294400.0,1295108613.0,20141001
32.97,31.81,34.43,31.08,33.21,102502.0,29882400.0,1198620152.0,20141010
30.49,33.79,34.31,29.84,30.54,124664.0,52109500.0,1990049211.0,20141021
32.11,30.42,32.94,28.86,32.11,117332.0,36068800.0,1357322555.0,20141030
31.01,32.4,33.79,30.94,30.96,72882.0,24414400.0,954642543.0,20141110
35.6,30.84,35.8,30.81,35.51,75120.0,34732100.0,1416467810.0,20141119
34.62,35.77,36.73,34.03,34.59,94736.0,43299300.0,1858451388.0,20141201
34.01,34.94,36.04,33.48,34.12,80475.0,22299500.0,937366927.0,20141210
33.08,33.96,35.01,31.81,33,91679.0,23843600.0,961437290.0,20141219
31.56,33.27,34.51,31.45,31.55,60658.0,19316500.0,775357221.0,20150105
31.39,31.76,32.9,30.13,31.39,97107.0,28653900.0,1096334186.0,20150114
31.56,31.31,32.72,30.58,31.57,80237.0,25509200.0,989065031.0,20150123
33.37,31.56,33.54,30.49,33.23,118401.0,29331700.0,1159023945.0,20150203
35.45,33.36,35.51,32.98,35.45,123391.0,30664000.0,1280952065.0,20150212
35.47,35.03,36.26,35.03,35.56,74723.0,21379400.0,924305699.0,20150225
36.26,35.61,37.03,35.25,36.22,86788.0,20616700.0,906888530.0,20150306
38,36.06,38.08,35.26,37.95,102220.0,33751900.0,1498759040.0,20150317
38.75,37.91,39.5,37.62,38.81,47009.0,15203700.0,710595969.0,20150320
