6.02,5.75,6.1,5.54,6.05,0.0,13969500.0,0.0,20080110
5.09,5.98,6.07,5.07,5.09,0.0,11173500.0,0.0,20080121
4.92,5.07,5.46,4.81,4.9,0.0,18737600.0,0.0,20080131
5.36,5.01,5.37,4.81,5.35,0.0,17202400.0,0.0,20080213
5.58,5.44,5.65,5.24,5.54,0.0,10395000.0,0.0,20080222
5.96,5.54,6.03,5.45,5.94,0.0,14677800.0,0.0,20080304
5.45,6.03,6.05,5.24,5.45,0.0,12788300.0,0.0,20080313
5.31,5.45,5.55,5.18,5.3,0.0,11104900.0,0.0,20080325
6,5.33,6.07,5.09,5.97,0.0,15391300.0,0.0,20080403
5.54,6.05,6.13,5.54,5.58,0.0,11752700.0,0.0,20080414
6.29,5.6,6.29,5.52,6.27,0.0,9930800.0,0.0,20080424
6.77,6.31,6.93,6.1,6.8,0.0,11917200.0,0.0,20080506
6.8,6.8,6.86,6.46,6.79,0.0,9399300.0,0.0,20080515
6.8,6.81,7.41,6.66,6.81,14923.0,12561300.0,383637150.0,20080527
7.47,6.96,7.57,6.83,7.49,19505.0,14066100.0,541471080.0,20080605
7.22,7.52,7.55,7.18,7.24,9999.0,8734700.0,341644726.0,20080616
7.31,7.25,7.47,6.99,7.31,11913.0,11822200.0,453550189.0,20080625
7.04,7.13,7.47,6.8,6.99,13404.0,10255500.0,395426689.0,20080704
7.8,7.09,7.92,6.8,7.8,17892.0,10848600.0,426299714.0,20080716
7.52,7.83,7.97,7.21,7.55,21558.0,13629700.0,547363730.0,20080725
7.1,7.5,7.68,6.91,7.1,21247.0,14497000.0,546858102.0,20080805
6.78,7.15,7.15,6.35,6.78,20092.0,12728500.0,451957006.0,20080814
6.76,6.79,7.03,6.46,6.74,13180.0,8704900.0,313275645.0,20080825
6.36,6.71,6.98,6.35,6.36,16543.0,9758200.0,346988736.0,20080903
5.97,6.4,6.44,5.7,5.97,20316.0,12426700.0,399909923.0,20080912
6.44,5.89,6.67,5.42,6.44,33358.0,19655600.0,628992569.0,20080923
7.1,6.5,7.38,6.44,7.11,22425.0,12100800.0,441719072.0,20081002
6.22,7.19,7.4,5.23,6.2,30341.0,16438000.0,548438939.0,20081013
6.06,6.5,6.63,5.86,6.1,29554.0,13002300.0,431534850.0,20081022
6.22,5.96,6.44,5.44,6.2,31446.0,13672700.0,432814959.0,20081031
6.47,6.28,6.8,5.89,6.47,21437.0,9455900.0,317155633.0,20081111
6.91,6.46,7.28,6.2,6.89,27234.0,11716300.0,421140012.0,20081121
6.97,7.19,7.31,6.46,6.99,21555.0,14353700.0,530264123.0,20081202
6.14,6.89,7.1,6.13,6.15,28432.0,15483300.0,543449920.0,20081211
5.79,6.09,6.5,5.73,5.8,33561.0,14915600.0,481098307.0,20081222
5.93,5.86,6.27,5.7,5.91,20591.0,8469400.0,268463795.0,20090106
6.32,5.95,6.38,5.89,6.32,20956.0,9382500.0,304536714.0,20090115
6.02,6.36,6.4,5.81,6.06,19220.0,7673200.0,247433939.0,20090126
5.84,6.06,6.1,5.81,5.9,16731.0,7791700.0,245060266.0,20090204
6.05,5.89,6.34,5.79,6.04,27415.0,9532700.0,305930402.0,20090213
6.06,6.05,6.2,5.89,6.06,23519.0,7120300.0,228000543.0,20090226
6.1,5.95,6.29,5.82,6.1,22792.0,7554200.0,242510449.0,20090309
6.3,6.13,6.34,5.9,6.29,23629.0,9094300.0,293748161.0,20090318
6.32,6.34,6.61,6.09,6.3,24246.0,9721600.0,326684404.0,20090327
6.54,6.23,6.99,6.2,6.55,23558.0,9555200.0,338139137.0,20090407
6.48,6.58,6.86,6.25,6.5,25117.0,12092000.0,416834786.0,20090417
6.65,6.47,6.65,6.13,6.65,35129.0,14573900.0,491739427.0,20090429
6.43,6.81,6.84,6.28,6.42,34704.0,20666400.0,543910672.0,20090511
6.45,6.49,6.78,6.4,6.48,30543.0,17035200.0,451156995.0,20090520
6.57,6.43,6.65,6.22,6.55,22259.0,13500500.0,348931041.0,20090529
6.77,6.66,7.04,6.38,6.77,35681.0,17872700.0,479920811.0,20090609
6.81,6.81,7.2,6.72,6.77,39678.0,14838300.0,410789963.0,20090619
6.58,6.79,6.89,6.45,6.55,32587.0,12410000.0,327703745.0,20090630
6.47,6.64,6.72,6.36,6.47,28197.0,10716700.0,280258309.0,20090710
6.44,6.49,6.57,6.35,6.45,29945.0,13501000.0,349425449.0,20090721
6.76,6.43,6.84,6.36,6.77,29126.0,15197200.0,398144041.0,20090730
7,6.76,7.16,6.62,6.99,30952.0,13694400.0,379518546.0,20090810
6.79,6.99,7.1,6.7,6.8,24742.0,9194400.0,252510378.0,20090819
6.89,6.75,6.97,6.75,6.91,17367.0,8351200.0,228972493.0,20090828
6.91,6.91,6.94,6.62,6.91,22045.0,11362300.0,308419910.0,20090909
6.87,6.91,7.0,6.74,6.87,26838.0,11379500.0,313574442.0,20090918
6.71,6.86,6.87,6.62,6.73,23203.0,11468400.0,309017684.0,20090929
6.74,6.77,6.83,6.55,6.74,27953.0,12591900.0,338555995.0,20091008
7.13,6.73,7.31,6.71,7.14,34069.0,13900500.0,391260187.0,20091020
7,7.1,7.25,6.79,7.04,27978.0,10286000.0,289487344.0,20091029
7.1,7.05,7.23,6.77,7.13,24617.0,9404400.0,261587507.0,20091110
7.35,7.21,7.57,6.94,7.35,25615.0,9887900.0,288016208.0,20091119
7.72,7.34,7.88,7.21,7.72,23402.0,10856400.0,330496201.0,20091201
8.54,7.73,8.63,7.73,8.55,21376.0,12359800.0,409332202.0,20091210
7.54,8.58,8.58,7.5,7.5,27190.0,13955900.0,449452657.0,20091221
7.98,7.63,7.98,7.44,7.93,22003.0,9058600.0,280137515.0,20100105
7.59,7.97,7.98,7.55,7.56,21625.0,9874500.0,305671975.0,20100114
7.68,7.56,7.68,7.22,7.66,25931.0,13064000.0,388067620.0,20100126
7.31,7.63,7.94,7.22,7.23,24980.0,12378400.0,379598029.0,20100204
7.66,7.23,7.77,7.06,7.65,21468.0,9343300.0,281614912.0,20100217
7.4,7.67,7.7,7.16,7.4,24128.0,9708200.0,288387690.0,20100226
7.59,7.44,7.67,7.37,7.59,17524.0,7460500.0,225927154.0,20100309
7.44,7.61,7.7,7.37,7.44,16980.0,6937400.0,209269407.0,20100318
7.47,7.43,7.51,7.2,7.47,19781.0,9922100.0,293839312.0,20100329
7.35,7.47,7.53,7.31,7.34,19005.0,8981400.0,266880554.0,20100408
7.4,7.34,7.51,7.24,7.39,19023.0,9024700.0,266498450.0,20100419
7.85,7.47,7.93,7.37,7.84,24905.0,12644100.0,390010522.0,20100429
7.97,7.88,8.21,7.39,7.99,28572.0,13534000.0,371593248.0,20100510
7.83,7.91,8.1,7.65,7.83,25428.0,10285500.0,280465290.0,20100519
7.39,7.83,7.83,7.36,7.4,24659.0,10445900.0,272808671.0,20100528
7.01,7.47,7.5,6.89,7.04,36847.0,15034000.0,372683372.0,20100609
7.39,7.1,7.4,7.07,7.37,21635.0,10396000.0,262472934.0,20100618
7.57,7.4,7.65,7.35,7.58,19487.0,8455400.0,219578846.0,20100629
7.47,7.53,7.74,7.35,7.47,18717.0,8400800.0,220769899.0,20100708
7.22,7.4,7.74,7.16,7.22,23564.0,9358800.0,237792842.0,20100720
7.58,7.22,7.63,7.1,7.56,24210.0,9998600.0,257314732.0,20100729
7.55,7.5,7.68,7.48,7.55,16420.0,6916100.0,181666127.0,20100809
7.4,7.5,7.56,7.21,7.36,21627.0,7615100.0,194489954.0,20100818
8.17,7.35,8.21,7.22,8.13,36140.0,21507800.0,575155260.0,20100827
7.7,8.29,8.35,7.66,7.7,29892.0,13402400.0,374826228.0,20100908
7.91,7.72,8.11,7.63,7.91,22292.0,9762700.0,267977813.0,20100917
7.71,7.92,7.99,7.51,7.71,26945.0,11092600.0,298692078.0,20100928
8.11,7.71,8.26,7.68,8.07,29605.0,11491100.0,317587245.0,20101007
8.49,8.07,8.62,7.98,8.49,25167.0,16817300.0,486198884.0,20101019
8.59,8.49,8.67,8.23,8.6,17175.0,9904200.0,290019576.0,20101028
8.53,8.7,8.78,8.42,8.52,22238.0,7842500.0,234190536.0,20101109
8.49,8.58,8.75,8.11,8.49,22060.0,8650300.0,250766419.0,20101119
8.23,8.4,8.57,8.08,8.24,18374.0,7159800.0,206367716.0,20101130
8.04,8.37,8.62,8.0,8.07,27261.0,9893900.0,285111980.0,20101209
8.25,8.11,8.51,7.92,8.25,27286.0,10112300.0,285034760.0,20101220
8.11,8.3,8.45,7.97,8.11,16871.0,8139000.0,220798595.0,20101230
8.52,8.23,8.54,8.14,8.48,22714.0,9304700.0,257142550.0,20110111
8.48,8.45,9.02,8.44,8.49,21684.0,8919600.0,259260706.0,20110120
8.22,8.49,8.54,8.15,8.23,25181.0,9627400.0,265801367.0,20110201
7.92,8.21,8.33,7.86,7.86,20468.0,7284400.0,194243024.0,20110210
8.33,7.94,8.37,7.78,8.36,23764.0,8561100.0,228271055.0,20110221
8.45,8.26,8.47,8.01,8.45,27944.0,10427500.0,285150578.0,20110302
8.85,8.46,9.01,8.4,8.85,27959.0,9732900.0,283695934.0,20110315
9.02,8.84,9.04,8.53,9.02,26819.0,8609100.0,250815753.0,20110324
9.67,9.02,9.94,8.89,9.67,29389.0,11878300.0,369202255.0,20110404
9.46,9.64,9.98,9.29,9.46,27516.0,10152200.0,321240170.0,20110413
9.38,9.41,9.64,9.19,9.38,26942.0,10178500.0,316836389.0,20110426
9.83,9.41,9.89,9.36,9.82,32138.0,11568700.0,357641208.0,20110505
9.81,9.9,10.18,9.69,9.81,22683.0,7514300.0,233481663.0,20110516
9.79,9.86,10.04,9.67,9.79,20798.0,7234600.0,223900066.0,20110525
9.84,9.83,9.86,9.28,9.84,26253.0,10006600.0,299550419.0,20110603
9.64,9.88,9.89,9.46,9.64,19935.0,7703800.0,233244991.0,20110614
9.96,9.56,10.05,9.52,9.9,25679.0,10168300.0,312463623.0,20110624
9.94,10.05,10.24,9.89,9.94,23168.0,8657300.0,273032820.0,20110705
9.94,10.01,10.1,9.67,9.94,23389.0,9351800.0,289077855.0,20110714
9.77,9.99,10.13,9.7,9.79,21163.0,7871300.0,243621074.0,20110725
9.1,9.79,9.83,8.99,8.99,29348.0,10323200.0,305805563.0,20110803
8.67,8.93,9.29,8.44,8.7,45434.0,15645200.0,433002147.0,20110812
8.75,8.75,8.93,8.59,8.75,29250.0,9889200.0,271640084.0,20110823
9.38,8.75,9.55,8.61,9.38,36795.0,12447700.0,356251169.0,20110901
9,9.36,9.46,8.91,9,30536.0,10293700.0,295814593.0,20110913
9.04,9.09,9.52,8.89,9.04,36837.0,11754200.0,338441890.0,20110922
8.6,9.03,9.17,8.59,8.59,34018.0,11643700.0,322537530.0,20111003
8.3,8.55,8.61,8.13,8.29,42041.0,13472800.0,352322515.0,20111013
8.76,8.29,8.89,8.23,8.75,35939.0,14145700.0,377256441.0,20111024
9.25,8.67,9.37,8.39,9.3,47562.0,16299800.0,453180567.0,20111103
9.34,9.2,9.49,9.02,9.35,29921.0,9609400.0,279225262.0,20111114
9.33,9.36,9.68,9.25,9.33,26241.0,8613900.0,255456371.0,20111124
9.71,9.21,10.06,9.21,9.67,42224.0,14282600.0,431354034.0,20111205
10.52,9.65,10.64,9.59,10.52,35807.0,11709400.0,362114468.0,20111214
11.01,10.49,11.13,10.33,11.01,25194.0,9075900.0,290570460.0,20111223
10.81,11.06,11.14,10.55,10.83,26532.0,6881900.0,225713817.0,20120104
10.91,10.84,11.04,10.65,10.92,28642.0,7141300.0,233815531.0,20120113
11.34,10.94,11.47,10.83,11.28,40834.0,11414800.0,385132345.0,20120124
11.67,11.31,11.88,11.24,11.73,39862.0,12740500.0,443683750.0,20120203
12.58,11.73,12.6,11.58,12.56,37549.0,18382700.0,666841778.0,20120214
12.83,12.59,13.19,12.56,12.83,29950.0,9929600.0,384169424.0,20120227
13.03,12.83,13.56,12.81,13.06,36454.0,10507700.0,416472894.0,20120307
13.82,13.24,14.36,13.08,13.82,33462.0,9968000.0,414710971.0,20120316
14.63,13.93,14.87,13.7,14.63,32886.0,9562800.0,408717641.0,20120327
15.16,14.97,15.33,14.42,15.16,38961.0,12614100.0,559602339.0,20120409
15.73,15.09,15.85,15.0,15.76,35804.0,13095600.0,607416440.0,20120418
16.22,15.72,16.46,15.63,16.22,25934.0,7254400.0,351185349.0,20120427
15.73,16.01,16.7,14.81,15.73,46342.0,16485500.0,602050015.0,20120509
15.07,15.79,16.06,14.46,15.06,45802.0,14793800.0,517025326.0,20120518
14.87,14.94,15.42,14.72,14.86,38266.0,10652500.0,369661192.0,20120529
15.46,14.78,15.47,14.63,15.45,41004.0,12541700.0,437478127.0,20120608
16.06,15.48,16.17,15.33,16.06,36304.0,11235400.0,411891621.0,20120619
16.23,16.06,16.33,15.37,16.21,28644.0,8057400.0,293655073.0,20120628
16.22,16.29,16.7,15.94,16.32,39869.0,11738000.0,444017904.0,20120710
16.93,16.28,17.03,16.12,16.93,30485.0,8337500.0,319120525.0,20120719
17.26,16.82,17.26,16.28,17.26,38301.0,9958700.0,384255367.0,20120730
17.33,17.26,17.41,16.67,17.31,32314.0,9078400.0,358458906.0,20120808
17.13,17.26,17.48,17.06,17.11,31978.0,8469700.0,337865305.0,20120817
16.55,17.14,17.26,15.79,16.55,42424.0,10580000.0,405701689.0,20120828
15.55,16.62,16.62,14.63,15.52,64706.0,22119700.0,783175367.0,20120906
12.29,15.54,15.76,10.5,12.28,145094.0,74851000.0,2048313485.0,20120918
10.84,12.29,12.42,10.73,10.85,61111.0,26472500.0,694158549.0,20120927
10.64,10.8,10.9,9.94,10.64,72166.0,29593200.0,716622397.0,20121008
10.91,10.73,11.73,10.54,10.91,76460.0,38205500.0,968667647.0,20121018
10.64,10.92,11.06,10.54,10.64,38741.0,17601400.0,438042094.0,20121029
9.73,10.65,10.84,9.68,9.77,54379.0,21412200.0,513707654.0,20121108
9.86,9.83,10.33,9.68,9.84,65742.0,30352300.0,701939180.0,20121121
11.25,9.88,11.33,9.79,11.31,81430.0,37319400.0,926085858.0,20121130
11.03,11.33,11.35,10.25,11.03,63218.0,25711400.0,640873006.0,20121211
11.1,11.07,11.28,10.76,11.06,59952.0,19250800.0,491248959.0,20121220
11.05,11.7,11.79,10.97,11.05,84228.0,57097100.0,1349812246.0,20130104
11.2,11.11,11.38,10.36,11.16,85573.0,35058900.0,755263599.0,20130115
11.41,11.14,12.0,11.07,11.42,54327.0,19835700.0,454594484.0,20130124
11.11,11.57,11.59,10.8,11.05,56184.0,22651700.0,499257468.0,20130205
11.58,11.1,11.67,10.91,11.58,41308.0,15473500.0,343724655.0,20130218
11.86,11.58,12.19,11.07,11.88,72354.0,30448400.0,699178337.0,20130227
12.83,11.91,13.01,11.61,12.78,71850.0,24573600.0,594180945.0,20130308
13.03,12.8,13.13,12.34,12.99,51786.0,16139000.0,407131287.0,20130319
11.94,11.61,12.0,11.21,11.94,94152.0,52927500.0,1202506167.0,20130328
11.9,11.86,12.3,11.52,11.9,63518.0,40186100.0,944372594.0,20130409
12.26,11.97,12.36,11.79,12.29,69261.0,22895600.0,546731989.0,20130418
12.6,12.32,12.81,12.23,12.6,55855.0,22667200.0,564782894.0,20130429
12.87,12.62,13.26,12.53,12.86,68976.0,33182000.0,728833762.0,20130509
13.6,12.85,13.73,12.65,13.59,53137.0,18877200.0,410656451.0,20130520
13.42,13.6,14.13,13.37,13.48,78048.0,29368300.0,676187697.0,20130529
12.49,13.39,13.7,12.34,12.52,80883.0,28888900.0,623855982.0,20130610
12.14,12.44,12.52,11.77,12.13,81974.0,28152000.0,567153385.0,20130619
11.92,12.03,12.28,11.08,11.89,99100.0,34886200.0,672960773.0,20130628
12.21,11.96,12.4,11.33,12.18,68247.0,21559400.0,425932119.0,20130710
12.49,12.33,12.6,11.76,12.49,61496.0,20844500.0,423357532.0,20130719
12.89,12.51,13.22,12.45,12.92,52643.0,17990900.0,386845096.0,20130730
12.43,12.85,12.95,12.03,12.39,60069.0,20427900.0,422053009.0,20130808
11.87,12.46,12.8,11.7,11.87,74184.0,25048400.0,506367681.0,20130819
11.13,11.83,11.86,11.06,11.13,57204.0,17778700.0,340695594.0,20130828
11.38,11.14,11.61,10.91,11.36,75518.0,24985700.0,467675018.0,20130906
11.23,11.43,11.73,11.15,11.24,64738.0,24003300.0,455171683.0,20130917
11.5,10.84,11.62,10.78,11.53,73244.0,29662400.0,555874863.0,20130926
11.75,11.56,11.97,11.38,11.75,54940.0,19188800.0,371593848.0,20131007
11.84,11.74,12.03,11.68,11.84,50843.0,16237100.0,319998822.0,20131016
11.79,11.86,12.26,11.74,11.77,50596.0,15173500.0,302798681.0,20131025
11.82,11.76,12.14,11.76,11.8,43100.0,18656900.0,370585422.0,20131105
11.7,11.9,11.9,11.2,11.7,59805.0,22304700.0,426543459.0,20131114
11.73,11.78,12.0,11.2,11.68,56767.0,17011300.0,327075946.0,20131127
11.7,11.78,11.91,11.32,11.7,50688.0,24122700.0,459692632.0,20131206
11.13,11.76,11.92,11.03,11.13,61048.0,20641600.0,379137010.0,20131217
11.36,11.13,11.67,11.01,11.36,43597.0,30100700.0,532437143.0,20131230
11.05,11.36,11.58,10.69,11.01,89074.0,40769700.0,565792800.0,20140110
11.06,11.08,11.11,10.71,11.07,55651.0,23223600.0,312009598.0,20140121
11.08,11.13,11.36,10.76,11.11,73821.0,28603300.0,389973335.0,20140130
10.72,11.02,11.29,10.47,10.68,93973.0,37123200.0,497896834.0,20140210
10.35,10.75,11.24,10.07,10.34,96426.0,36253400.0,480540539.0,20140219
10.91,10.23,10.95,10.23,10.93,91543.0,35513700.0,466584116.0,20140228
11.11,10.91,11.13,10.23,11.11,99668.0,47655100.0,627419386.0,20140313
11.29,11.23,11.38,10.3,11.32,104907.0,41312600.0,557054999.0,20140324
12.72,11.34,12.91,11.22,12.71,96496.0,49498500.0,745536290.0,20140402
12.89,12.81,13.21,12.06,12.9,88949.0,35271200.0,554905791.0,20140411
13.23,12.97,13.55,12.55,13.3,96526.0,38152100.0,615823750.0,20140424
13.82,13.18,14.02,12.82,13.82,72486.0,45620900.0,742569529.0,20140506
13.53,13.75,14.66,13.52,13.57,82705.0,33944400.0,552859723.0,20140515
14.42,13.8,14.55,13.55,14.38,59167.0,23761600.0,388601290.0,20140526
13.8,14.41,14.41,13.26,13.82,59576.0,22992800.0,367184590.0,20140604
15.12,13.86,15.22,13.79,15.04,73313.0,24311600.0,416649878.0,20140616
15.03,15.1,15.91,14.94,15.03,49492.0,18122300.0,326609874.0,20140626
15.71,15.02,15.81,14.55,15.68,42365.0,15254500.0,248457025.0,20140707
16.81,15.66,17.05,15.61,16.88,84173.0,26294300.0,471092484.0,20140717
18.15,17.24,18.48,17.14,18.23,68710.0,21467700.0,416951029.0,20140728
17.92,18.07,18.25,17.02,17.99,65896.0,21263200.0,404300401.0,20140806
17.98,18.04,18.25,17.29,18.01,67312.0,21706100.0,417446318.0,20140815
17.51,18.16,18.53,17.43,17.45,67493.0,27799200.0,539858331.0,20140826
17.59,17.55,18.01,16.81,17.61,72167.0,28313300.0,538087666.0,20140904
15.83,17.77,17.77,15.38,15.81,84236.0,33190700.0,580135620.0,20140915
13.89,15.24,15.82,13.71,13.88,103973.0,46845200.0,743571457.0,20140924
13.5,13.9,14.26,12.84,13.49,94703.0,37975000.0,560604488.0,20141003
15.72,13.95,16.05,13.66,15.58,132766.0,60164300.0,972915917.0,20141014
13.27,15.19,15.63,13.21,13.26,108909.0,31930600.0,499639471.0,20141023
13.09,13.43,14.34,11.87,13.06,100398.0,41829100.0,593759656.0,20141103
13.42,13.21,13.78,12.72,13.4,72815.0,27613700.0,382913486.0,20141112
13.03,13.34,13.57,11.96,13.01,94455.0,34162300.0,439108930.0,20141124
13.17,13.14,14.23,12.96,13.28,83431.0,31450500.0,431102587.0,20141203
12.75,13.34,13.46,12.31,12.74,84567.0,32839800.0,428570804.0,20141212
12.75,12.75,12.95,11.91,12.73,85072.0,30864000.0,386121069.0,20141223
12.48,12.73,13.82,12.27,12.48,69740.0,24112900.0,311384802.0,20150107
12.35,12.55,12.77,11.34,12.27,96754.0,29972400.0,356983105.0,20150116
11.48,12.43,12.43,10.95,11.48,66536.0,25906700.0,300286700.0,20150127
11.86,11.26,12.77,11.19,11.8,71137.0,25768700.0,310507768.0,20150205
12.36,11.8,12.47,11.15,12.33,66043.0,22316600.0,260786212.0,20150218
12.94,12.35,13.14,12.04,12.98,56412.0,18433700.0,231809231.0,20150227
11.78,13.05,13.1,11.54,11.76,74569.0,23248400.0,282266773.0,20150310
11.85,11.94,12.2,11.41,11.85,69083.0,24228000.0,286895312.0,20150319
12.95,12.04,13.37,11.86,12.95,80303.0,27893900.0,357252820.0,20150330
13.9,12.81,14.36,12.8,13.85,81080.0,25108000.0,344224190.0,20150409
14.22,13.91,14.59,13.71,14.25,56811.0,18060200.0,257404215.0,20150420
14.59,14.3,15.17,14.28,14.55,68438.0,23565500.0,346082466.0,20150430
15.56,14.18,16.08,14.0,15.62,72019.0,29206700.0,448663994.0,20150512
14.46,15.52,16.03,14.17,14.46,74044.0,26310000.0,399853517.0,20150521
14.58,14.45,15.01,13.93,14.62,83166.0,29272500.0,423728665.0,20150601
13.58,14.6,14.61,13.52,13.61,85704.0,26330600.0,369348539.0,20150611
13.59,13.5,13.65,12.72,13.59,77994.0,24035300.0,316693665.0,20150622
11.51,13.64,13.86,11.47,11.53,111625.0,47237300.0,572851759.0,20150701
11.16,11.66,11.87,10.87,11.16,64052.0,23850800.0,268906577.0,20150713
10,11.15,11.29,9.85,10,65765.0,26422400.0,275643877.0,20150722
9.06,10,10.13,8.97,9.07,21222.0,11749500.0,111336106.0,20150724
