19.39,18.9,19.65,18.07,19.34,6429.0,6793500.0,139110462.0,20080110
16.6,19.37,19.37,16.58,16.71,7080.0,8484600.0,164985797.0,20080121
17.52,16.62,18.39,16.62,17.52,7675.0,9569900.0,178004394.0,20080131
18.19,17.67,18.9,16.89,18.21,6555.0,8144500.0,157263524.0,20080213
17.9,18.22,18.4,17.36,17.91,5060.0,6861900.0,132667672.0,20080222
16.8,17.93,18.69,16.77,16.85,6657.0,6918000.0,131775295.0,20080304
16.13,17.1,17.11,16.02,16.2,9292.0,8163500.0,146554794.0,20080313
16.39,16.4,16.85,14.98,16.35,7430.0,6728200.0,118357656.0,20080325
16.02,16.54,16.54,15.57,15.99,5688.0,7037000.0,122755177.0,20080403
16.08,16.07,17.34,15.76,16.05,7489.0,5981100.0,108345486.0,20080414
15.89,15.98,16.51,15.73,15.93,6684.0,4579900.0,79733756.0,20080424
16.09,16.11,16.5,15.74,16.08,8812.0,8679900.0,150798722.0,20080506
15.88,16.3,16.3,15.59,15.93,8169.0,6936500.0,119230168.0,20080515
14.11,15.96,16.02,13.93,14.12,12701.0,10989400.0,176325272.0,20080527
12.98,14.15,14.34,12.89,12.9,13250.0,15111500.0,224287055.0,20080605
11.66,13.07,13.07,11.59,11.67,11588.0,12533200.0,164567707.0,20080616
10.54,11.77,11.78,10.41,10.58,13545.0,17468500.0,208582139.0,20080625
8.95,10.39,10.56,8.72,8.93,9699.0,14640000.0,154362496.0,20080704
11.04,9.05,11.04,8.99,10.97,12542.0,13181000.0,142587594.0,20080716
10.89,11.05,11.5,10.27,10.92,13274.0,14713600.0,173719041.0,20080725
11.05,11.09,11.71,10.36,11.15,13221.0,11901800.0,143221108.0,20080805
12.3,11.25,12.31,10.42,12.24,10787.0,9843700.0,121748572.0,20080814
12.11,12.28,12.54,11.92,12.07,8083.0,6894500.0,91522814.0,20080825
13.27,12.11,13.5,12.11,13.36,9279.0,7506500.0,104227415.0,20080903
12.78,13.34,13.5,12.06,12.76,12760.0,9574200.0,133485388.0,20080912
12.4,12.57,13.6,11.4,12.34,12949.0,10605600.0,145961541.0,20080923
11.7,12.4,13.13,11.14,11.69,13767.0,13036800.0,171850605.0,20081002
9.9,11.99,12.36,8.28,9.84,13525.0,14238700.0,159417723.0,20081013
9.19,10.18,10.77,8.79,9.17,12338.0,9108600.0,93698682.0,20081022
10.36,9.09,10.68,7.97,10.22,14437.0,10038700.0,101196251.0,20081031
8.18,10.36,10.69,7.85,8.09,13048.0,9422400.0,93915302.0,20081111
7.21,8.12,8.19,6.93,7.23,13193.0,8621800.0,71173815.0,20081121
8.25,7.4,8.42,6.98,8.16,9398.0,6839100.0,59264564.0,20081202
8.85,8.28,9.78,7.76,8.79,12371.0,10403100.0,101717100.0,20081211
8.69,8.67,9.49,8.39,8.74,11190.0,8263500.0,80754130.0,20081222
9.42,8.65,9.72,7.99,9.42,7865.0,5865600.0,56096272.0,20090106
9.46,9.36,9.7,8.83,9.32,9382.0,6790000.0,69019440.0,20090115
8.86,9.28,9.49,8.78,8.88,6418.0,4566200.0,45252214.0,20090126
8.06,8.91,9.05,7.77,8.11,13874.0,8311100.0,75095302.0,20090204
8.09,8.09,8.72,7.93,8.09,10287.0,6233100.0,56243582.0,20090213
6.16,8.05,8.16,6.12,6.19,15442.0,11296500.0,85134674.0,20090226
5.31,6.07,6.07,5.11,5.37,21397.0,16938000.0,104692723.0,20090309
6.7,5.46,6.71,5.46,6.68,15406.0,11139100.0,73892114.0,20090318
6.82,6.71,7.52,6.56,6.85,17798.0,12217100.0,92965319.0,20090327
7.6,6.73,8.0,6.61,7.64,14715.0,10751800.0,87624343.0,20090407
8.31,7.76,9.03,7.76,8.33,18240.0,16416900.0,152064034.0,20090417
8.27,8.18,8.86,7.77,8.26,15993.0,13657600.0,122729920.0,20090429
9.16,8.42,9.96,8.12,9.15,17980.0,17060100.0,169973910.0,20090511
8.9,9.23,9.28,8.35,8.87,14155.0,10947500.0,103514915.0,20090520
8.83,8.72,9.03,8.19,8.83,15161.0,11140400.0,104437417.0,20090529
7.93,8.94,9.09,7.83,7.93,21592.0,15613600.0,140401508.0,20090609
7.59,7.97,8.06,7.28,7.59,17748.0,14353000.0,119114643.0,20090619
7.52,7.51,7.71,7.28,7.51,15567.0,13247000.0,108125844.0,20090630
6.95,7.54,7.62,6.92,6.95,13381.0,11484200.0,90532437.0,20090710
7.73,7.06,7.9,6.83,7.77,18016.0,17658700.0,142797948.0,20090721
7.97,7.71,8.05,7.56,7.95,17795.0,18034500.0,152049150.0,20090730
10.02,8.11,10.08,8.11,10.07,40487.0,36166200.0,354966273.0,20090810
9.23,10.1,10.34,8.97,9.26,28305.0,21007600.0,219352094.0,20090819
9.35,9.28,9.65,9.16,9.35,20006.0,17072800.0,174102784.0,20090828
9.62,9.29,9.64,9.06,9.59,18844.0,15547000.0,157404113.0,20090909
9.64,9.62,9.98,9.46,9.62,15745.0,14378000.0,152765152.0,20090918
9.54,9.64,10.39,9.48,9.55,24219.0,23416500.0,252147695.0,20090929
9.28,9.65,9.65,8.95,9.28,33150.0,28755800.0,290086255.0,20091008
9.22,9.28,9.51,9.16,9.22,26416.0,25193800.0,254368615.0,20091020
9.22,9.21,9.6,8.61,9.21,22278.0,25924400.0,260631242.0,20091029
8.26,9.09,9.13,7.84,8.26,39679.0,44809100.0,401100019.0,20091110
8.05,8.37,8.42,7.94,8.05,19815.0,24598100.0,218311486.0,20091119
8.05,8.12,8.23,7.84,8.05,14052.0,18013600.0,158030873.0,20091201
8.16,8.08,8.3,7.93,8.14,16469.0,18530800.0,162866889.0,20091210
8.61,8.35,9.09,8.35,8.69,23195.0,33083600.0,314526353.0,20091221
9.16,8.86,9.35,8.62,9.17,17047.0,18043100.0,171751623.0,20100105
9.19,9.05,9.38,8.85,9.21,16012.0,23480600.0,226037726.0,20100114
9.27,9.1,9.65,9.01,9.27,15812.0,17639400.0,174295835.0,20100126
8.94,9.22,9.46,8.93,8.93,12671.0,18379400.0,179688717.0,20100204
9.45,8.83,9.63,8.83,9.46,14196.0,16874800.0,164785710.0,20100217
9.28,9.36,9.58,9.19,9.28,11583.0,9554100.0,95106585.0,20100226
9.66,9.35,9.7,9.25,9.63,11491.0,11321100.0,113921238.0,20100309
9.68,9.67,9.85,9.49,9.75,10183.0,10005200.0,102574085.0,20100318
10.05,9.76,10.44,9.61,10.06,14189.0,16250500.0,174472812.0,20100329
9.92,10.01,10.08,9.65,9.91,12506.0,10030300.0,105169013.0,20100408
9.61,9.92,10.11,9.42,9.58,14778.0,14020500.0,146349915.0,20100419
9.8,9.66,9.9,9.33,9.8,18781.0,11676400.0,119076097.0,20100429
9.41,9.8,9.97,9.22,9.46,16938.0,14520100.0,146005649.0,20100510
9.53,9.42,9.63,9.32,9.57,18535.0,12195200.0,122029563.0,20100519
9.4,9.47,9.71,9.04,9.31,14248.0,11579300.0,114759082.0,20100528
8.94,9.39,9.4,8.82,8.91,12568.0,9762000.0,92323642.0,20100609
9.29,8.98,9.44,8.96,9.28,13464.0,8339900.0,81233246.0,20100618
9.11,9.43,9.59,9.07,9.11,8846.0,6277600.0,61452077.0,20100629
9.05,9.11,9.19,8.68,9.02,9787.0,10303800.0,95692922.0,20100708
9.73,9.02,9.73,8.84,9.73,12574.0,12235500.0,118810997.0,20100720
10.61,9.75,10.61,9.56,10.6,14351.0,13677400.0,144298814.0,20100729
11.18,10.51,11.38,10.4,11.19,20808.0,16719200.0,192884738.0,20100809
11.2,11.04,11.24,10.42,11.1,16407.0,10920700.0,123108596.0,20100818
10.32,11.13,11.19,9.68,10.32,17842.0,10496500.0,113390291.0,20100827
11.06,10.18,11.14,10.07,11.06,15940.0,9077000.0,100647363.0,20100908
11.21,11.06,11.4,10.68,11.21,10789.0,8183700.0,94810527.0,20100917
11.51,11.21,11.85,11.06,11.51,23487.0,13165600.0,159008739.0,20100928
11.09,11.41,11.51,11.04,11.04,18324.0,11501800.0,135803806.0,20101007
10.91,11.03,11.64,10.53,10.87,21040.0,14749300.0,169419750.0,20101019
11.33,10.95,11.5,10.94,11.31,12286.0,9654700.0,113784480.0,20101028
11.84,11.44,12.42,11.29,11.8,11756.0,8436800.0,105754840.0,20101109
11.92,11.99,12.06,11.49,11.92,15565.0,8522300.0,105160938.0,20101119
11.76,12.01,12.06,11.4,11.76,16267.0,10302000.0,126657281.0,20101130
11.76,12.03,12.21,11.57,11.75,13026.0,7890300.0,97351015.0,20101209
11.59,11.82,12.11,11.58,11.63,16637.0,10107300.0,124882476.0,20101220
11.53,11.79,12.06,11.43,11.54,17185.0,12744800.0,152634073.0,20101230
11.9,11.85,12.29,11.52,11.92,16225.0,11111200.0,134939636.0,20110111
13.29,11.98,13.86,11.89,13.23,19736.0,13633400.0,179888968.0,20110120
13.36,13.22,13.44,12.73,13.34,19287.0,11213700.0,150322764.0,20110201
13.41,13.28,14.11,12.98,13.32,19120.0,11623300.0,161341147.0,20110210
13.72,13.39,14.0,13.05,13.82,18758.0,9596800.0,134740014.0,20110221
13.15,13.74,13.89,12.9,13.15,18330.0,11210800.0,153670035.0,20110302
13.31,13.23,13.52,12.68,13.18,15816.0,10303100.0,139502962.0,20110315
13.7,13.27,13.94,12.78,13.7,17757.0,10661800.0,147235325.0,20110324
13.21,13.44,13.56,12.87,13.21,16562.0,10994100.0,148256034.0,20110404
12.27,13.23,13.38,12.27,12.28,20522.0,10489900.0,137670517.0,20110413
12.24,12.39,12.4,11.9,12.22,15697.0,9165000.0,114557635.0,20110426
12.88,12.26,12.91,11.73,12.82,19450.0,13710600.0,174569611.0,20110505
12.56,13.01,13.36,12.56,12.61,11447.0,6087600.0,81111564.0,20110516
12.13,12.65,12.89,12.08,12.13,15829.0,8976600.0,115006849.0,20110525
11.84,12.31,12.31,11.8,11.84,14966.0,11578700.0,144509454.0,20110603
12.34,11.89,12.36,11.49,12.34,16711.0,13785200.0,167435838.0,20110614
11.63,12.24,12.61,11.56,11.63,14426.0,11079700.0,137143345.0,20110624
11.6,11.68,11.83,11.37,11.57,16588.0,11762900.0,139875019.0,20110705
11.07,11.55,11.82,10.91,11.06,12119.0,10443800.0,122168015.0,20110714
10.75,11.09,11.19,10.59,10.79,11412.0,6566300.0,73641809.0,20110725
10.59,10.85,11.34,10.1,10.54,20225.0,17021700.0,186408278.0,20110803
9.2,10.31,10.48,8.05,9.15,27612.0,16707100.0,155430817.0,20110812
9.12,9.17,9.5,8.53,9.1,21364.0,11974500.0,109899293.0,20110823
9.77,9.32,10.0,8.69,9.79,15949.0,9054100.0,86884336.0,20110901
10.3,9.67,10.3,8.99,10.26,17127.0,10911400.0,109971116.0,20110913
11.04,10.37,11.87,10.32,11.05,26367.0,18260600.0,207873922.0,20110922
11.24,11.05,11.92,10.92,11.25,22381.0,11831400.0,137878552.0,20111003
11.55,11.07,11.82,10.61,11.57,29298.0,14611800.0,167021083.0,20111013
12.23,11.61,12.29,11.26,12.18,21936.0,10362300.0,124795728.0,20111024
10.99,12.15,12.34,10.87,10.97,26500.0,15761100.0,186735696.0,20111103
11.44,10.74,11.76,10.49,11.36,18729.0,13143200.0,151740121.0,20111114
10.63,11.54,11.54,10.18,10.74,20971.0,8589800.0,95379034.0,20111124
11.13,10.53,11.45,10.48,11.13,24198.0,9766100.0,110749172.0,20111205
10.63,11.12,11.2,10.61,10.74,21615.0,9000300.0,99757263.0,20111214
11.15,10.82,11.2,10.53,11.08,14875.0,8806100.0,97859127.0,20111223
11.93,11.08,11.93,10.81,11.89,16474.0,11430700.0,133946068.0,20120104
11.46,11.63,11.86,11.42,11.46,14910.0,6531400.0,77591373.0,20120113
11.69,11.54,12.06,11.46,11.67,14596.0,6125600.0,73672546.0,20120124
11.84,11.7,12.22,11.38,11.82,28820.0,11893900.0,142808092.0,20120203
12.26,11.83,12.54,11.67,12.34,20957.0,15078900.0,184463723.0,20120214
12.5,12.54,13.04,12.42,12.5,25885.0,13947000.0,181717715.0,20120227
12.29,12.48,12.89,12.03,12.25,23983.0,13436800.0,170586380.0,20120307
13.45,12.44,13.65,12.38,13.46,27138.0,11339800.0,151517445.0,20120316
14.07,13.5,14.31,13.26,14.07,24574.0,14448700.0,203910959.0,20120327
15.11,14.13,15.33,13.75,15.22,31223.0,20725600.0,308858273.0,20120405
15.41,15.1,15.94,14.7,15.53,23094.0,11095800.0,173714837.0,20120417
15.67,15.66,16.49,15.24,15.66,29142.0,16146800.0,261702343.0,20120426
15.54,15.68,16.23,15.41,15.57,33188.0,16254400.0,262287314.0,20120508
14.52,15.37,15.78,14.3,14.52,25506.0,12388800.0,191584778.0,20120517
14.23,14.24,15.01,13.86,14.47,36528.0,13926100.0,206239599.0,20120528
13.87,14.58,14.58,13.29,13.85,26630.0,11909100.0,167239732.0,20120606
13.57,13.94,14.05,13.13,13.58,26504.0,11732100.0,161853489.0,20120618
12.93,13.66,13.77,12.59,12.93,24613.0,13590400.0,180921060.0,20120627
13.07,13.01,14.02,12.77,13.12,29674.0,15572700.0,209617660.0,20120706
12.35,13.34,13.34,11.31,12.41,40863.0,24533300.0,301672214.0,20120718
12.77,12.4,12.98,12.18,12.82,32685.0,14138100.0,180273630.0,20120727
12.96,12.72,13.58,11.97,12.94,34820.0,17433900.0,222845806.0,20120807
13.39,12.96,13.48,12.65,13.38,30229.0,11769500.0,155755515.0,20120816
13.57,13.35,13.78,13.02,13.51,29010.0,12606900.0,170727871.0,20120827
13.25,13.5,13.84,13.13,13.23,23174.0,9909000.0,134884237.0,20120905
14.17,13.33,14.6,13.2,14.17,32807.0,12383900.0,174241757.0,20120917
13.27,14.03,14.09,12.94,13.25,25186.0,12726300.0,173499725.0,20120926
13.52,13.36,13.86,12.56,13.46,41322.0,20388200.0,271631024.0,20121005
14.09,13.52,14.3,13.26,14.09,37455.0,17089800.0,239494204.0,20121017
14.08,14.12,14.71,13.64,14.08,30854.0,19381400.0,275785950.0,20121026
13.99,13.92,14.5,13.82,14,21229.0,10148100.0,144597076.0,20121108
14.14,14.04,14.32,13.43,14.12,30745.0,12446100.0,174518792.0,20121121
13.11,14.1,14.32,12.86,13.1,36260.0,24355300.0,331344833.0,20121130
13.47,13.2,13.66,12.45,13.51,38625.0,14998700.0,198414405.0,20121211
14.18,13.44,14.29,12.68,14.18,37819.0,12890200.0,173637218.0,20121220
14.2,13.83,14.76,13.8,14.22,32455.0,13368000.0,193710828.0,20130104
14.29,14.17,14.45,13.42,14.28,36674.0,15019100.0,211257922.0,20130115
15.77,14.2,16.32,13.82,15.76,31157.0,14182000.0,215505807.0,20130124
16.46,15.95,16.74,15.58,16.48,35872.0,15368100.0,249847115.0,20130205
16.03,16.59,16.59,15.71,15.84,22634.0,12487700.0,202436262.0,20130218
16.83,16.03,16.91,15.62,16.91,36834.0,14295300.0,233117439.0,20130227
16.83,17.22,17.29,16.18,16.89,36043.0,12085700.0,202163049.0,20130308
17.03,16.94,17.66,16.75,17.03,38798.0,16190900.0,279919660.0,20130319
17.58,17.02,17.63,16.66,17.63,30869.0,10715100.0,188095213.0,20130328
17.31,17.56,17.57,16.08,17.39,36488.0,13550200.0,233639307.0,20130409
16.14,17.39,17.62,15.38,16.13,42911.0,21258100.0,354392710.0,20130418
16.32,16.26,17.42,15.65,16.32,44151.0,17128200.0,290619917.0,20130429
17.72,16.18,17.88,16.17,17.77,44917.0,23989700.0,421280589.0,20130509
18.18,17.77,18.41,17.16,18.37,39869.0,15044000.0,275504868.0,20130520
18.38,19.23,19.27,17.67,18.39,39258.0,17793900.0,339556319.0,20130529
18.83,18.29,19.36,18.29,18.87,44574.0,21778900.0,422187149.0,20130610
20.21,18.77,20.49,18.01,20.32,52386.0,24770100.0,491502091.0,20130619
19.89,20.19,20.76,19.16,19.87,63958.0,24560200.0,503213357.0,20130628
20.37,20.27,20.6,19.3,20.43,41474.0,17445700.0,359125407.0,20130710
20.98,20.56,21.19,20.23,21.06,44326.0,14927600.0,318556548.0,20130719
19.25,20.99,21.31,19.11,19.27,42040.0,25041100.0,517412341.0,20130730
18.58,19.16,19.4,18.02,18.64,50653.0,20861000.0,400534419.0,20130808
19.81,18.72,19.81,17.74,19.81,60800.0,21721400.0,413528938.0,20130819
18.43,19.71,19.92,18.27,18.52,45810.0,17353800.0,342314107.0,20130828
19.18,18.56,19.89,18.41,19.18,40066.0,15123200.0,294650920.0,20130906
18.16,19.05,20.25,17.98,18.13,64506.0,27241600.0,531180704.0,20130917
17.86,18.16,18.23,17.34,17.95,45620.0,18278000.0,333392915.0,20130926
18.22,17.86,18.5,17.28,18.27,45043.0,16766300.0,307843616.0,20131007
17.38,18.35,18.7,17.24,17.38,69084.0,26448400.0,488586527.0,20131016
17.28,17.29,18.0,16.98,17.28,46184.0,14098100.0,250651935.0,20131025
16.69,17.26,17.47,15.3,16.75,67948.0,29513200.0,493233389.0,20131105
17.66,16.7,17.92,16.0,17.61,58914.0,20788700.0,365624262.0,20131114
17.54,17.52,17.83,16.8,17.53,45603.0,13752000.0,244172666.0,20131127
17.09,17.74,18.0,16.7,17.07,33943.0,11002800.0,195161089.0,20131206
18.17,17.09,18.5,16.8,18.19,50212.0,16744200.0,303803579.0,20131217
18.65,18.34,18.73,17.71,18.67,39374.0,13889000.0,259508554.0,20131230
18.72,18.73,19.18,18.35,18.69,61573.0,23991400.0,459994543.0,20140110
19.5,18.83,20.16,18.74,19.29,41538.0,16702000.0,330968822.0,20140121
18.23,19.35,19.71,18.2,18.24,47884.0,17804500.0,343472767.0,20140130
18.74,17.93,19.02,17.79,18.78,46017.0,17762800.0,330748052.0,20140210
19.39,18.79,19.81,18.31,19.42,41247.0,10330000.0,203321609.0,20140219
20.66,19.43,20.95,19.07,20.65,52263.0,17231600.0,353768306.0,20140228
19.28,20.4,20.92,19.15,19.24,48760.0,14446500.0,294071948.0,20140313
19.45,19.28,19.78,19.06,19.39,41620.0,9738500.0,192721352.0,20140324
19.99,19.55,20.22,19.29,19.94,51122.0,14197600.0,285892199.0,20140402
19.03,20.08,20.14,18.61,18.97,49203.0,13181000.0,256877078.0,20140411
18.66,18.99,19.38,18.21,18.72,45677.0,12216400.0,233103173.0,20140424
19.15,18.68,19.49,18.31,19.11,46695.0,18012700.0,346019759.0,20140506
18.47,19.34,19.4,18.47,18.5,40407.0,11093300.0,212208718.0,20140515
19.48,18.55,19.5,18.27,19.48,44506.0,12246000.0,231963164.0,20140526
20.73,19.56,20.73,19.32,20.72,40623.0,14675700.0,299267201.0,20140604
20.21,20.85,20.98,19.89,20.11,41810.0,13260100.0,274978524.0,20140616
19.61,20.25,20.68,19.57,19.62,31725.0,8868000.0,180346753.0,20140626
20.92,19.61,21.17,19.37,20.92,21876.0,6202900.0,126889025.0,20140707
21.51,20.89,22.21,20.38,21.58,53765.0,14705300.0,318045158.0,20140717
21.57,22.13,22.18,21.06,21.48,38041.0,11828400.0,256780431.0,20140728
20.92,21.49,21.73,20.74,20.98,42674.0,12508200.0,269001151.0,20140806
21.71,21.02,22.14,21.01,21.69,35780.0,12701600.0,278541702.0,20140815
22.09,21.83,22.71,21.67,22.14,34220.0,9759500.0,219353394.0,20140826
21.76,22.22,22.25,21.08,21.76,39967.0,12855400.0,280122771.0,20140904
23.12,21.9,23.27,21.33,23.21,52734.0,16418700.0,372008261.0,20140915
22.74,23.13,23.61,22.54,22.74,49370.0,14188400.0,331869714.0,20140924
23.44,22.59,24.22,22.57,23.43,65242.0,22512700.0,534905451.0,20141003
21.53,23.45,23.68,20.78,21.55,70886.0,23619100.0,530574482.0,20141014
22.19,21.78,22.72,20.37,22.3,81345.0,23933400.0,526424450.0,20141023
23.38,22.24,23.85,21.54,23.49,87573.0,25354100.0,583383262.0,20141103
23.96,23.56,24.46,22.65,23.94,52732.0,18892000.0,451171543.0,20141112
23.01,24.18,24.61,23.01,23.06,56325.0,15810700.0,380066949.0,20141124
22.67,23.27,23.69,21.95,22.71,42765.0,11668900.0,268370547.0,20141203
23.29,22.8,23.98,22.24,23.23,50725.0,14295700.0,334443896.0,20141212
25.01,23.67,25.35,22.11,25,54297.0,16091100.0,383247940.0,20141223
23.58,25.01,25.47,23.23,23.71,41500.0,15225600.0,371941429.0,20150107
21.26,23.91,23.91,21.07,21.18,50351.0,17146500.0,381166020.0,20150116
22.8,21.26,23.01,20.97,22.74,43995.0,13241700.0,295290676.0,20150127
24.33,23.15,24.89,22.49,24.31,46693.0,16194300.0,384222904.0,20150205
25.69,24.11,26.18,23.78,25.59,48570.0,17707800.0,449428494.0,20150218
24.8,25.63,26.45,24.73,24.8,46989.0,16698000.0,428678005.0,20150227
24.66,24.57,26.01,22.09,24.66,99249.0,34534100.0,852514936.0,20150310
25.65,25.05,25.68,24.41,25.55,63490.0,17729000.0,444491245.0,20150319
25.55,25.76,26.01,25.23,25.56,8936.0,2835500.0,72648731.0,20150320
