19.45,19.96,20.16,18.24,19.43,24766.0,16864700.0,731093320.19,20080110
16.56,19.2,19.56,16.26,16.75,23696.0,23005400.0,939468945.25,20080121
17.66,16.46,18.32,16.09,17.56,35333.0,30193600.0,1194187850.23,20080131
18.32,17.44,18.4,15.64,18.34,39716.0,32811100.0,1258693813.46,20080213
18.61,18.49,18.61,17.21,18.6,24271.0,20722900.0,853751575.9,20080222
18.57,18.33,19.83,18.09,18.57,29208.0,25591800.0,1109961377.48,20080304
18.44,18.66,19.4,17.69,18.41,24520.0,23318400.0,985640119.0,20080313
17.96,18.61,18.71,17.09,17.96,32087.0,32052300.0,1294097946.0,20080325
18.14,18.09,18.66,16.9,18.14,22450.0,25959700.0,1056904343.0,20080403
17.51,18.21,18.61,17.35,17.46,16004.0,14790500.0,608704047.0,20080414
18.96,17.66,19.66,17.48,19.08,22403.0,16853700.0,722783456.0,20080424
20.96,19.17,23.02,18.92,20.96,34812.0,27609500.0,1312743708.0,20080506
20.64,21.06,21.15,20.06,20.64,26282.0,17094300.0,797792790.0,20080515
20.81,20.72,21.22,19.96,20.8,28417.0,20667700.0,965484890.0,20080527
21.18,20.88,22.16,20.33,21.13,35985.0,25650300.0,1119201454.0,20080605
19.76,21.06,21.2,18.96,19.78,28094.0,26572800.0,957307243.0,20080616
18.67,20.15,20.67,18.16,18.67,28699.0,32030600.0,1125209073.0,20080625
17.08,18.46,18.47,16.87,17.09,29990.0,31249300.0,1009383747.0,20080704
18.21,17.56,18.21,16.38,18.14,36755.0,34991200.0,1096807791.0,20080716
17.62,18.51,19.1,17.46,17.64,39343.0,42527900.0,1437416216.0,20080725
18.16,17.83,18.52,17.26,18.17,29272.0,32559000.0,1062687303.0,20080805
17.48,18.35,18.63,16.98,17.56,33096.0,29960400.0,974957755.0,20080814
16.74,17.4,17.62,16.44,16.79,22819.0,17678700.0,548559039.0,20080825
16.95,16.7,17.4,16.43,16.94,23849.0,16621500.0,515317357.0,20080903
16.87,17.16,17.65,16.06,16.98,38080.0,28807100.0,878441952.0,20080912
16.76,16.1,17.76,14.87,16.64,51693.0,45579300.0,1355190076.0,20080923
16.46,16.82,17.77,15.05,16.46,31550.0,34192700.0,1039333650.0,20081002
15.74,16.85,16.91,11.1,15.64,60155.0,60050500.0,1537579744.0,20081013
11.82,16.29,16.91,11.72,11.92,68206.0,50550600.0,1266885721.0,20081022
12.83,11.54,13.7,9.2,12.86,82182.0,59526900.0,1201692266.0,20081031
14.1,14.83,16.43,13.08,14.09,71607.0,50479700.0,1346925218.0,20081111
11.41,13.62,14.95,11.12,11.27,47134.0,33236700.0,804204372.0,20081121
14.79,12.26,15.07,11.99,14.86,48029.0,29490600.0,746106498.0,20081202
15.8,14.5,16.87,14.08,15.78,50628.0,32599200.0,924889818.0,20081211
15.31,15.26,16.87,15.07,15.23,44489.0,27194000.0,799357785.0,20081222
16.6,15.39,16.71,13.96,16.56,31017.0,22766700.0,631260874.0,20090106
13.65,16.28,16.47,12.57,13.65,54625.0,38262000.0,991913398.0,20090115
12.72,14.07,14.1,12.21,12.69,52375.0,40026000.0,932325312.0,20090126
12.83,12.86,13.61,12.47,12.94,44945.0,31813900.0,746722184.0,20090204
14.05,12.86,14.64,12.76,13.99,50024.0,34637500.0,871332675.0,20090213
12.49,13.9,14.08,12.12,12.48,47144.0,40202400.0,950572024.0,20090226
12.11,12.16,12.64,11.23,12.16,50729.0,40070200.0,871559392.0,20090309
14.32,12.45,14.47,12.29,14.29,59602.0,38946200.0,935132720.0,20090318
14.99,14.48,15.07,13.57,14.88,59422.0,42989700.0,1111247656.0,20090327
15.82,14.61,16.0,14.1,15.76,56655.0,49889300.0,1347505602.0,20090407
15.76,15.86,16.46,15.1,15.73,57266.0,51935200.0,1474900224.0,20090417
16.76,15.56,16.87,14.99,16.74,73619.0,47775800.0,1336402320.0,20090429
16.51,16.88,18.61,16.29,16.51,75623.0,63880700.0,1983245318.0,20090511
16.77,16.74,17.21,15.67,16.75,57441.0,48999700.0,1428775916.0,20090520
17.79,16.56,18.09,16.45,17.82,57079.0,48705200.0,1525603736.0,20090529
17.56,18.26,18.46,17.2,17.51,45022.0,35694300.0,1142203312.0,20090609
17.09,17.76,17.94,16.74,17.08,44777.0,32323400.0,998817558.0,20090619
17.26,16.92,17.76,16.36,17.26,51598.0,41073700.0,1253502618.0,20090630
16.63,17.53,17.62,16.57,16.72,59278.0,37697800.0,1153358880.0,20090710
18.09,16.89,18.39,16.45,18.14,62852.0,38105900.0,1186076737.0,20090721
18.7,17.96,19.19,17.85,18.7,50197.0,37785800.0,1274005485.0,20090730
20.18,18.66,20.19,18.54,20.16,69730.0,36326600.0,1260098881.0,20090810
19.1,19.79,19.84,18.03,19.06,64879.0,38263100.0,1294847400.0,20090819
19.9,19.06,20.2,18.97,19.86,59764.0,35948600.0,1262163634.0,20090828
20,19.69,20.2,18.89,20,56023.0,34447200.0,1088390908.0,20090909
21.18,19.88,21.39,19.82,21.16,47464.0,33929800.0,1136156963.0,20090918
21.76,20.89,21.79,20.14,21.78,49953.0,33251000.0,1131271290.0,20090929
22.09,22.06,23.11,21.53,22.07,95262.0,63505300.0,2273661697.0,20091008
22.38,21.94,23.06,21.64,22.3,61573.0,43488200.0,1579518693.0,20091020
21.56,22.38,23.32,20.33,21.75,58158.0,41394400.0,1472861244.0,20091029
23.43,21.78,23.54,20.54,23.4,73171.0,46083700.0,1648073036.0,20091110
23.07,23.56,23.96,22.73,23.11,46914.0,32424100.0,1226717587.0,20091119
24.36,23.18,24.57,22.94,24.44,44357.0,33914700.0,1294182573.0,20091201
24.87,24.3,25.06,24.11,24.87,48949.0,30472000.0,1211549461.0,20091210
23.62,25.05,25.2,23.43,23.57,44492.0,30621800.0,1201066112.0,20091221
25.22,23.84,25.24,23.26,25.14,40216.0,26490900.0,1030121098.0,20100105
23.72,25.07,25.24,23.5,23.69,53906.0,34005700.0,1322880456.0,20100114
22.37,23.57,23.85,21.81,22.4,56216.0,41963900.0,1535806993.0,20100126
22.22,22.56,23.5,21.98,22.16,52989.0,34844100.0,1270024244.0,20100204
23.57,22.01,23.71,21.05,23.58,55050.0,40565700.0,1457267912.0,20100217
22.96,23.45,23.69,21.94,22.94,39184.0,29585500.0,1078910702.0,20100226
23.86,23.16,24.1,22.99,23.82,51760.0,30614100.0,1142294273.0,20100309
23.43,23.94,24.27,23.17,23.46,44469.0,24989400.0,940922413.0,20100318
24.08,23.58,24.1,22.96,24.07,42044.0,28747500.0,1069771233.0,20100329
25.24,24.1,25.31,23.99,25.24,50457.0,31275500.0,1223106126.0,20100408
23.93,25.24,25.39,23.63,23.9,50874.0,31626000.0,1239919956.0,20100419
23.89,23.92,24.24,22.72,23.84,53415.0,31174500.0,1166177016.0,20100429
23.86,23.72,24.11,21.93,23.81,74696.0,43426000.0,1599600266.0,20100510
21.17,23.34,23.84,20.55,21.09,64327.0,40963600.0,1439559279.0,20100519
21.14,20.55,21.6,19.53,21.1,116835.0,83404400.0,2731264770.0,20100528
21.02,21.55,22.3,20.82,21.06,58459.0,31243400.0,1064680381.0,20100609
22.28,21.3,22.4,21.17,22.31,48305.0,27631400.0,965101682.0,20100618
20.87,22.41,22.58,20.68,20.87,60910.0,31940100.0,1103096406.0,20100629
23.47,20.88,23.66,20.44,23.47,87708.0,55593700.0,1926137349.0,20100708
23.53,23.62,23.98,22.68,23.46,65233.0,35666800.0,1318719398.0,20100720
24.85,23.7,25.05,23.25,24.9,64048.0,36740300.0,1413241274.0,20100729
24.39,24.7,25.26,23.77,24.33,72045.0,43680500.0,1686719485.0,20100809
24.24,24.2,24.39,23.59,24.3,46879.0,26212800.0,991846887.0,20100818
23.86,24.11,24.46,22.7,23.72,53135.0,33283300.0,1223397274.0,20100827
23.87,23.51,24.59,23.22,23.87,58475.0,42064200.0,1585635040.0,20100908
24.67,23.91,25.03,23.57,24.67,53268.0,28677500.0,1100739361.0,20100917
24.91,24.7,25.25,24.29,24.96,69547.0,40509100.0,1571222662.0,20100928
26.43,24.74,26.78,24.74,26.47,78544.0,46915000.0,1909323393.0,20101007
26.94,26.43,27.54,26.43,26.92,68713.0,37777000.0,1601444688.0,20101019
26.27,26.93,27.42,26.19,26.25,80041.0,38380200.0,1615960116.0,20101028
26.81,26.39,27.9,26.11,26.87,69064.0,42839200.0,1820984194.0,20101109
26.68,26.98,27.35,25.96,26.74,69679.0,33272600.0,1387507426.0,20101119
25.15,26.67,26.73,24.93,25.18,73676.0,43634100.0,1751091954.0,20101130
24.43,25.53,25.9,24.34,24.46,81647.0,40555200.0,1596392573.0,20101209
23.65,24.65,24.75,23.65,23.92,85633.0,41587600.0,1589880855.0,20101220
25.24,24.13,25.39,24.09,25.2,53230.0,30042300.0,1170808190.0,20101230
25.18,25.42,26.09,24.39,25.25,65622.0,41278700.0,1630901874.0,20110111
23.84,25.41,25.96,23.75,23.82,75488.0,46728000.0,1804556581.0,20110120
23.25,23.94,24.2,22.74,23.21,85147.0,45647000.0,1666240843.0,20110201
22.38,23.22,23.49,21.94,22.35,85261.0,50354600.0,1773535935.0,20110210
24.07,22.47,24.67,22.26,24.06,92645.0,48082100.0,1788082605.0,20110221
23.39,23.95,24.15,22.91,23.4,112984.0,61986500.0,2264281793.0,20110302
23.53,23.46,24.14,22.44,23.53,84127.0,46233100.0,1652762711.0,20110315
23.94,23.66,24.24,22.65,23.92,87313.0,46819500.0,1693897745.0,20110324
25.02,24.02,25.64,23.71,25.02,82966.0,47353100.0,1790602027.0,20110404
24.15,24.95,25.19,23.87,24.14,68998.0,41534000.0,1569883995.0,20110413
24.77,24.11,24.87,23.34,24.71,72384.0,37039800.0,1381034409.0,20110426
23.27,24.79,24.87,22.73,23.31,105383.0,69901600.0,2534485523.0,20110505
22.94,23.49,24.36,22.87,22.94,94166.0,50833900.0,1856643138.0,20110516
22.55,22.96,23.13,22.09,22.55,73040.0,34663700.0,1209142878.0,20110525
23.27,22.75,23.55,22.65,23.21,85849.0,46681400.0,1661570960.0,20110603
22.94,23.37,23.37,22.49,22.87,68662.0,37759900.0,1328148611.0,20110614
22.7,22.71,23.26,22.55,22.72,88262.0,43322600.0,1526179221.0,20110624
23.67,22.82,23.98,22.58,23.69,70897.0,36643400.0,1323429068.0,20110705
20.66,23.66,23.87,20.34,20.66,103589.0,68523400.0,2294545015.0,20110714
20.94,20.9,21.66,20.16,20.94,102809.0,59439900.0,1917556755.0,20110725
18.77,20.88,20.88,18.56,18.77,128863.0,84798200.0,2575185961.0,20110803
18.26,18.37,19.05,16.36,18.26,197632.0,119255600.0,3226791640.0,20110812
17.48,18.45,18.97,16.66,17.5,125656.0,77751700.0,2114054434.0,20110823
20.28,17.34,20.46,16.83,20.26,145003.0,89970600.0,2538314964.0,20110901
18.35,19.93,20.02,18.0,18.35,115717.0,64546100.0,1866797473.0,20110913
18.34,18.54,19.47,17.94,18.32,109165.0,67554400.0,1935043548.0,20110922
18.73,18.34,19.74,17.81,18.82,138075.0,78773600.0,2276417153.0,20111003
20.31,18.66,20.66,18.08,20.28,138564.0,79494300.0,2346356016.0,20111013
21.66,20.56,21.87,20.2,21.66,109233.0,59578400.0,1887918331.0,20111024
21.36,21.42,22.53,20.58,21.42,134955.0,70638800.0,2313003686.0,20111103
21.01,21.15,21.83,20.55,20.97,73959.0,43898300.0,1412290681.0,20111114
19.51,21,21.19,19.12,19.46,97662.0,59187900.0,1801811137.0,20111124
22.38,19.27,22.51,19.18,22.41,122685.0,71896100.0,2311670463.0,20111205
22.04,22.18,22.69,21.97,22.1,118464.0,63460400.0,2147667746.0,20111214
22.87,22.31,23.06,21.57,22.91,105475.0,51508900.0,1737048401.0,20111223
23.26,22.91,23.33,22.2,23.22,74627.0,31551900.0,1081282003.0,20120104
23.56,22.98,24.02,22.59,23.56,105349.0,43170600.0,1522187613.0,20120113
23.79,23.7,24.87,23.57,23.81,114192.0,56900600.0,2070350173.0,20120124
23.82,24.09,24.42,23.08,23.84,129014.0,73209600.0,2606598330.0,20120203
24.67,23.72,25.0,23.53,24.66,104360.0,57016900.0,2090103411.0,20120214
23.68,24.87,24.95,23.63,23.68,83733.0,38381400.0,1392965333.0,20120227
24.68,23.76,25.57,23.7,24.68,93207.0,49474900.0,1819477210.0,20120307
26,24.89,26.24,24.83,26.07,96840.0,55972500.0,2136710274.0,20120316
24.79,25.94,26.18,24.34,24.89,82867.0,48275200.0,1800264880.0,20120327
22.24,24.77,24.86,22.16,22.23,106706.0,57818100.0,2004678600.0,20120405
21.23,22.04,22.34,21.04,21.23,122516.0,68482100.0,2193580955.0,20120417
19.84,21.17,21.99,19.53,19.87,161566.0,104903400.0,3226799988.0,20120426
19.57,20.13,20.35,19.12,19.57,146926.0,85573800.0,2497272673.0,20120508
18.16,19.33,20.07,18.02,18.18,140297.0,87357000.0,2481012841.0,20120517
19.21,18.34,19.57,18.16,19.21,138692.0,73695600.0,2074480051.0,20120528
19.45,19.27,19.83,18.4,19.45,140366.0,82280800.0,2339061814.0,20120606
20.2,19.4,20.42,19.23,20.2,114204.0,60231500.0,1774323751.0,20120618
18.56,20.34,20.7,18.15,18.56,108069.0,52666400.0,1508614194.0,20120627
19.86,18.35,20.18,18.16,19.78,100620.0,47881000.0,1366915123.0,20120706
20.19,19.82,20.22,18.59,20.22,131388.0,57464000.0,1645467042.0,20120718
21.91,20.06,22.16,19.37,21.86,147113.0,80246000.0,2451765277.0,20120727
22.65,21.86,22.94,21.3,22.66,139215.0,68307000.0,2229689158.0,20120807
23.51,22.65,23.65,22.45,23.58,106029.0,54328200.0,1845251149.0,20120816
22.86,23.58,23.86,22.65,22.84,112818.0,51248700.0,1747638465.0,20120827
21.55,22.82,23.02,21.23,21.5,126047.0,52572900.0,1691306223.0,20120905
23.58,21.62,24.27,21.58,23.56,144616.0,71643500.0,2424374742.0,20120917
21.71,23.69,23.69,21.19,21.68,141477.0,87265700.0,2865866632.0,20120926
21.05,21.85,21.95,20.59,21.04,129586.0,66937400.0,2070593147.0,20121005
20.33,20.93,21.19,19.83,20.36,109460.0,58495300.0,1750425706.0,20121017
20.26,20.27,20.76,19.21,20.26,136465.0,72163900.0,2113553724.0,20121026
20.33,20.14,21.46,19.86,20.33,99757.0,49850100.0,1513359352.0,20121108
21.44,20.28,21.5,20.12,21.42,111155.0,53071100.0,1607783545.0,20121121
22.09,21.45,22.22,20.93,22.04,117919.0,58891900.0,1859567695.0,20121130
22.53,22.11,22.68,21.98,22.53,134754.0,67763900.0,2216396627.0,20121211
23.18,22.58,23.41,22.14,23.16,141877.0,62758800.0,2080326509.0,20121220
24.34,22.96,24.67,22.71,24.34,117293.0,57913600.0,1989304257.0,20130104
24.25,24.15,24.58,23.8,24.25,115630.0,60076700.0,2106528683.0,20130115
24.68,24.17,25.03,23.94,24.75,102790.0,47035500.0,1683527817.0,20130124
23.53,24.49,24.56,22.85,23.53,119819.0,68828500.0,2359996885.0,20130205
24.57,23.53,24.6,22.71,24.54,108019.0,60067500.0,2041557394.0,20130218
23.94,24.36,24.67,23.2,23.95,140463.0,71269000.0,2470610695.0,20130227
25.75,23.95,25.83,23.79,25.7,136985.0,62770700.0,2231045428.0,20130308
24.84,25.59,25.86,24.47,24.87,143065.0,58369500.0,2098549019.0,20130319
25.1,24.87,25.27,24.2,25.1,123584.0,54062800.0,1921755006.0,20130328
24.07,25.01,25.18,23.0,24.1,144708.0,60630900.0,2078666779.0,20130409
22.79,24.24,24.86,22.65,22.8,134299.0,61646500.0,2102891751.0,20130418
22.95,22.96,23.84,22.56,22.86,130710.0,59771200.0,1985011528.0,20130429
24.49,22.92,24.73,22.46,24.43,141879.0,63747700.0,2161826890.0,20130509
24.82,24.32,24.88,23.61,24.82,131586.0,69593600.0,2414922378.0,20130520
24.66,25.07,25.7,24.52,24.6,150753.0,63711300.0,2084211223.0,20130529
24.08,24.6,24.93,23.55,23.93,175871.0,81615400.0,2587449191.0,20130610
22.43,23.7,23.76,21.85,22.33,178343.0,95563100.0,2848978654.0,20130619
22.12,22.06,22.56,21.01,22.11,253751.0,122344200.0,3459130903.0,20130628
20.78,22.08,22.39,19.89,20.71,197066.0,100008000.0,2711363646.0,20130710
21.87,21.03,22.01,20.82,21.8,138069.0,68442200.0,1909096597.0,20130719
22.4,21.77,23.12,21.6,22.46,158503.0,72646600.0,2111932776.0,20130730
22.68,22.3,23.36,21.83,22.73,170408.0,78843200.0,2309914170.0,20130808
22.51,22.82,23.79,22.17,22.47,225227.0,108104300.0,3218346332.0,20130819
21.95,22.45,23.0,21.68,21.97,152448.0,73742500.0,2120405670.0,20130828
23.32,22.06,23.5,22.03,23.31,138794.0,67128400.0,1961299285.0,20130906
24.57,23.46,24.57,23.41,24.51,167352.0,72894900.0,2258998350.0,20130917
24.47,24.46,25.48,24.25,24.47,151690.0,75578400.0,2400055897.0,20130926
24.48,24.37,25.25,24.07,24.54,145646.0,62415000.0,1982645398.0,20131007
25.52,24.66,25.64,24.18,25.47,161837.0,69359100.0,2232374942.0,20131016
25.76,25.28,26.42,25.28,25.67,133750.0,62181600.0,2077301762.0,20131025
26.28,25.77,26.98,25.6,26.23,141695.0,71648900.0,2456296667.0,20131105
26.32,26.36,26.39,24.77,26.3,152989.0,66231900.0,2178471786.0,20131114
25.54,26.27,26.51,24.31,25.54,162284.0,78994500.0,2578799893.0,20131127
24.57,25.67,25.87,24.06,24.58,136936.0,70239500.0,2244202915.0,20131206
24.24,24.63,25.05,23.76,24.26,110828.0,53919000.0,1681956919.0,20131217
24.6,24.43,25.09,24.25,24.63,94930.0,58476800.0,1849802170.0,20131230
24.22,24.68,24.92,24.05,24.21,135166.0,94736900.0,2970537995.0,20140110
23.6,24.21,24.67,23.19,23.66,108417.0,74918700.0,2301129556.0,20140121
23.2,23.79,24.09,22.65,23.19,167340.0,83869100.0,2495109544.0,20140130
24.97,22.99,25.29,22.86,24.94,236894.0,110269400.0,3415722236.0,20140210
24.58,25.07,25.07,24.1,24.63,166625.0,66279200.0,2076819878.0,20140219
24.98,24.55,25.37,24.45,24.88,150990.0,59833400.0,1864425328.0,20140228
23.97,24.72,25.31,23.87,23.97,147734.0,60394600.0,1855470704.0,20140313
25.87,23.97,25.89,23.2,25.74,186473.0,74353900.0,2279255645.0,20140324
28.19,25.81,28.19,25.43,28.11,200745.0,90575000.0,3042368622.0,20140402
28.24,28.11,28.94,26.92,28.16,194516.0,88316500.0,3073073838.0,20140411
29.15,28.24,29.2,26.8,29.14,160029.0,68380800.0,2406154928.0,20140424
29.86,28.94,30.26,28.76,29.89,190613.0,92182600.0,3417079506.0,20140506
29.67,29.91,30.26,29.25,29.7,112966.0,45556600.0,1698687816.0,20140515
28.57,29.73,30.12,28.13,28.46,137497.0,60159800.0,2199124791.0,20140526
27.85,28.49,29.24,27.68,27.83,126706.0,63362500.0,2249098495.0,20140604
29.91,27.95,30.43,27.45,29.9,183562.0,92757800.0,3132136015.0,20140616
28.22,29.82,30.02,28.19,28.27,123835.0,57812100.0,1918319402.0,20140626
27.95,28.19,28.54,27.53,27.96,84992.0,37640100.0,1198514265.0,20140707
29.31,27.99,30.28,27.76,29.31,149701.0,74237600.0,2473673875.0,20140717
31.22,30.59,31.8,30.27,31.17,134808.0,70002200.0,2473470681.0,20140728
31.56,31.2,32.34,30.37,31.5,171450.0,76831700.0,2733997270.0,20140806
31.7,31.71,31.88,30.39,31.72,172942.0,69004700.0,2440149891.0,20140815
34.32,32.11,34.37,31.66,34.29,142389.0,67855600.0,2547370081.0,20140826
35.67,34.54,36.93,34.44,35.67,209116.0,86530700.0,3486105973.0,20140904
33.72,35.57,36.47,32.58,33.71,191738.0,97246800.0,3755204593.0,20140915
33.04,33.84,35.54,32.43,33.02,174693.0,77674600.0,2974294143.0,20140924
31.05,32.91,33.63,28.94,31.02,232942.0,115142000.0,3985734510.0,20141003
33.82,34.62,35.2,31.07,34,287770.0,156992100.0,5819948821.0,20141014
28.69,33.11,33.4,28.59,28.71,279785.0,150373000.0,5246864958.0,20141023
32.66,28.67,32.7,26.91,32.5,306373.0,161351800.0,5444770580.0,20141103
32.17,33.62,33.7,31.19,32.17,158866.0,74889300.0,2731259517.0,20141112
34.74,32.57,36.22,30.42,34.82,201119.0,93883200.0,3506270000.0,20141124
32.46,35.17,35.69,31.97,32.57,151831.0,75442100.0,2880151815.0,20141203
30,33.07,33.08,29.97,30.05,160239.0,73372300.0,2609939601.0,20141212
30.99,30.28,31.47,28.41,31.09,202619.0,99158900.0,3361127648.0,20141223
31.6,31.08,32.28,29.35,31.72,138539.0,74079200.0,2560367427.0,20150107
30.55,31.98,32.43,29.76,30.47,187040.0,84493100.0,2921164004.0,20150116
30.47,30.3,31.09,29.27,30.43,169197.0,77479400.0,2637579287.0,20150127
31.45,30.11,31.78,28.84,31.47,237611.0,113691700.0,3878010814.0,20150205
32.49,31.09,33.01,30.07,32.47,187704.0,88387700.0,3084293544.0,20150218
33.27,32.3,34.12,32.03,33.15,160399.0,66949600.0,2435962320.0,20150227
29.69,33.07,33.37,29.67,29.77,248543.0,113158200.0,3942329791.0,20150310
32.46,30.01,32.71,29.98,32.46,256523.0,114778000.0,3925495256.0,20150319
32.53,32.71,33.13,32.53,32.59,28927.0,15490200.0,558533942.0,20150320
