2014-04-16 28.8 -120.357868182 -0.000599999999999 -0.0114144529649 0.001509 -0.00752541440015 0.050003 -1.87159353554 19.330079 -22.2274333751
2014-04-17 -15.38 -208.72467316 -0.0023 -0.0114517857875 -0.001489 -0.00748201155933 -0.790001 -1.88866155144 2.539917 -22.1804106603
2014-04-21 -3.07 -211.335101249 0.0 -0.0114516939385 -0.00202 -0.00750966219964 -0.510002 -1.90033850603 7.040039 -22.160764627
2014-04-22 -6.83 -206.28848833 0.0185 -0.0115549740041 0.001505 -0.007505227245 -0.459999 -1.89760168316 7.660034 -22.0148446094
2014-04-23 -5.27 -200.779569273 9.99999999998e-05 -0.0115635870803 0.000916 -0.00724729895048 -0.019997 -1.87953058972 -4.160034 -21.5503199463
2014-04-24 -0.97 -194.756738543 0.0112 -0.0115235746624 0.00128 -0.00718376557676 0.799996 -1.79182797074 3.21997 -21.4022652822
2014-04-28 -10.91 -179.725823192 -0.000699999999999 -0.0114671965431 0.001227 -0.00719604818311 -0.550003 -1.80312321115 6.03003 -21.7489713952
2014-04-29 5.96 -174.523164811 0.0051 -0.0114346842915 -0.003923 -0.00724577289744 -0.019996 -1.78198682666 8.899902 -21.6015199023
2014-04-30 0.12 -170.231365763 0.0013 -0.0114161004698 0.005556 -0.00722277080902 -0.64 -1.77161324861 5.619995 -21.3307141177
2014-05-01 13.44 -165.241485428 0.0 -0.0114161004698 0.000173 -0.00723837410242 -0.419998 -1.67875998149 -0.269897 -21.3204796639
2014-05-05 -0.32 -153.50333457 -0.0138 -0.01162971163 0.000328 -0.00723297612471 1.160003 -1.67012926674 3.520019 -21.4286318563
2014-05-06 -6.26 -150.973130408 -0.0198 -0.0121731385058 0.00547 -0.00706723060011 -0.239998 -1.67828423271 -16.940063 -21.866791681
2014-05-07 12.56 -147.542756695 0.0086 -0.0121205383204 -0.001899 -0.00711327005846 -1.810005 -1.73334741879 10.48999 -21.8691491091
2014-05-08 3.52 -144.765219165 -0.0063 -0.0121971437788 -0.006741 -0.00696050039704 0.0 -1.7368803533 -2.579956 -21.8961936142
2014-05-12 -3.23 -138.070584494 0.0099 -0.0121835489381 -0.000398 -0.00703840758636 0.840004 -1.69112974081 18.170044 -21.9228348427
2014-05-13 -1.79 -136.034671436 -0.0085 -0.0123646386615 -0.004715 -0.0071164146312 -0.340004 -1.69008531871 0.799927 -21.5374387422
2014-05-14 6.43 -133.739530372 -9.99999999998e-05 -0.0123676890738 0.001054 -0.00701360658262 1.21 -1.68936813763 -8.919922 -21.6907939693
2014-05-15 5.09 -131.606002832 0.0017 -0.0123868228072 -0.000358 -0.00703333660541 -1.040001 -1.71347580348 -17.680053 -22.0412913695
2014-05-19 -1.32 -124.806001675 0.004 -0.0120345541557 0.001053 -0.00702585185379 0.080002 -1.69151060156 7.219971 -21.985012506
2014-05-20 28.56 -122.446064697 0.0006 -0.0119878288608 -0.000978 -0.0070371912034 0.11 -1.69346020507 -12.25 -22.2357588046
2014-05-21 19.73 -120.382837957 -0.0043 -0.0121253128753 -0.002231 -0.0068922828575 -0.300003 -1.69181712522 15.200073 -22.248648284
2014-05-22 18.41 -118.437576055 0.0013 -0.0121564986838 -0.002727 -0.0069531394777 0.279999 -1.69318688381 4.459961 -21.5730802139
2014-05-27 -7.25 -110.991381995 0.0096 -0.0119228415851 -0.001434 -0.00674573368227 -2.660004 -1.7595414918 11.380005 -21.5004758818
2014-05-28 -0.93 -109.926013633 0.0049 -0.0118812777424 -0.004356 -0.00681156155745 -0.650001 -1.77188480799 -2.130005 -21.4950053073
2014-05-29 -3.42 -108.967203616 -0.016 -0.0124082453387 0.00111 -0.00647487092305 -0.259995 -1.77723752287 10.25 -21.318295372
2014-06-02 -5.26 -103.561752571 0.0 -0.0122889019387 -0.002909 -0.00649411700812 -0.730003 -1.76335039424 1.400025 -21.3247792582
2014-06-03 25.88 -102.143662997 0.0067 -0.0122658232338 0.002204 -0.00645142214374 0.310005 -1.73095354218 -0.729981 -20.9473960977
2014-06-04 -25.74 -102.125282353 -0.0042 -0.0124008313982 -0.001686 -0.00647998425288 -0.25 -1.73732327937 3.640015 -19.3961494312
2014-06-05 14.63 -100.9581722 0.0064 -0.0123974166829 0.00578 -0.00614580465693 0.900002 -1.70471157541 12.579956 -19.1678760796
2014-06-09 -8.0 -98.0466243272 -0.0102 -0.0127983003673 -0.005026 -0.00610345312153 0.040001 -1.70078085561 1.830079 -18.6487883873
2014-06-10 1.71 -97.2635903708 -0.0158 -0.01328542772 -0.005172 -0.00621454393197 0.739997 -1.60120320303 -0.479981 -18.6390279237
2014-06-11 -14.7 -96.9152649183 0.0036 -0.0132451649641 -0.000385 -0.00623179895229 0.020005 -1.60368037225 -6.900024 -18.5102877773
2014-06-12 -29.05 -97.0177712913 -0.0096 -0.0134774964367 0.001743 -0.00620391331917 1.229995 -1.60368026907 -13.78003 -17.0126170525
2014-06-16 29.46 -94.8997868835 0.0175 -0.0136866397684 0.003915 -0.00624632383882 -0.540001 -1.60765039393 1.619995 -16.9237157355
2014-06-17 0.29 -94.2325319123 -0.0002 -0.0137058609777 -0.002925 -0.00628960495299 -0.139999 -1.60882910286 4.209961 -16.8096147981
2014-06-18 12.9 -93.3678282408 0.0046 -0.0136819884232 0.004272 -0.00617617657615 0.389999 -1.60828964131 14.98999 -16.6619070216
2014-06-19 -4.16 -92.8211349542 -0.0022 -0.0137352536274 0.002072 -0.00606680344625 4.270004 -1.72462223355 2.5 -16.6650006506
2014-06-23 -10.47 -90.7908153874 0.000999999999999 -0.0138008429524 0.000888 -0.00610280619396 0.349998 -1.72834453784 -0.26001 -16.574796962
2014-06-24 -3.11 -90.2711963177 0.0056 -0.0137870055038 0.000388 -0.00607524305811 0.130005 -1.72952281933 -12.630005 -16.9280612617
2014-06-25 -17.65 -90.0701002857 0.0033 -0.0138020637279 0.002318 -0.00600674956491 0.009995 -1.72418537194 9.550049 -16.9293989556
2014-06-26 -0.94 -89.5259428398 -0.0104 -0.0141078921695 -0.001595 -0.00601813098886 -0.259995 -1.72985542218 -2.310058 -16.9890200612
2014-06-30 29.53 -86.699622201 -0.0147 -0.0147176068499 0.004914 -0.00602682574358 1.379989 -1.70760015997 -0.729981 -16.7281041135
2014-07-01 24.19 -85.9207293595 -0.0038 -0.0144650506123 -0.001274 -0.0060529741511 -0.339996 -1.71218398965 13.089966 -16.6358255346
2014-07-02 0.56 -85.4261032866 0.0106 -0.0144412469128 -0.002783 -0.00592911436673 0.0 -1.7101590855 1.300049 -16.6664341829
2014-07-03 -3.2 -85.0008050284 0.0014 -0.0144589928738 -0.004293 -0.00603303283113 -0.539993 -1.72050792464 10.819946 -16.5777620483
2014-07-07 -8.51 -83.5456999886 -0.000299999999999 -0.0145752058426 0.001775 -0.0059231424673 -0.140007 -1.69956744929 -7.789917 -16.7345858933
2014-07-08 -1.59 -83.124976283 -0.0023 -0.0145682785817 0.001093 -0.00591876764668 0.050003 -1.69995315568 -13.940063 -17.1331688305
2014-07-09 1.12 -82.6716947207 -0.0016 -0.0144900778633 0.002583 -0.0059004052402 0.769996 -1.68735796965 9.119995 -17.1274208536
2014-07-10 -7.23 -82.3530125999 0.0029 -0.0138366446412 -0.003787 -0.00565980346661 0.699997 -1.64881571431 -8.149902 -16.9538576972
2014-07-14 -10.12 -80.6384859014 0.0025 -0.0138405151194 0.001797 -0.00566123554271 -3.059998 -1.72533601737 9.53003 -16.579881392
2014-07-15 -1.9 -21.6400058622 0.0019 -0.0138377988484 -0.004973 -0.0057453423604 -1.190002 -1.7486482046 -3.819947 -16.6749098917
2014-07-16 -4.6 -21.5348992428 -0.004 -0.0139413423918 -0.004205 -0.00581484136261 0.440002 -1.7245406649 8.289917 -16.6376290952
2014-07-17 1.88 -21.1605840621 -0.0002 -0.0137502479212 -0.001116 -0.00575070906246 2.119995 -1.74242976316 -23.449951 -17.3847312334
2014-07-21 -4.98 -20.8039022885 0.0013 -0.0131709909366 -0.000513 -0.00573371810177 0.209999 -1.74949770214 -4.589966 -17.3439489854
2014-07-22 2.65 -20.6539760133 -0.0063 -0.0132342381467 -0.005903 -0.00588469562997 -0.599998 -1.76133147154 9.900024 -16.609257808
2014-07-23 -2.29 -20.5996835305 -0.0042 -0.0132740280328 -0.000507 -0.00543495903406 -0.119995 -1.76422116446 3.479981 -16.4775526099
2014-07-24 -14.39 -20.9138932799 -0.0041 -0.0129385022495 0.000181 -0.0053592254678 -1.270005 -1.75774539487 0.96997 -16.4451793555
2014-07-28 -13.6 -20.1383761934 -0.0042 -0.0116431473075 0.00101 -0.0054107046782 -0.209999 -1.66101039607 0.570068 -16.4084447467
2014-07-29 1.39 -20.1758875036 -0.007 -0.0117998711985 -0.002793 -0.0054290811132 -0.380005 -1.66343988179 -8.960083 -16.6349627057
2014-07-30 -11.96 -20.4335069751 -0.009 -0.0119993824862 -0.001509 -0.00537617135637 -0.369995 -1.67153150408 0.119995 -16.5363918325
2014-07-31 4.3 -20.4404947063 0.0025 -0.0120015932471 -0.00061 -0.00529690857225 -1.440003 -1.63317367222 -39.399902 -18.1285090417
2014-08-04 -8.54 -20.3403043894 -0.0013 -0.0120123717757 -0.000685 -0.00532658737506 -0.389999 -1.61929605047 13.839966 -17.9509703079
2014-08-05 -6.04 -20.309642668 -0.0078 -0.0119284355484 -0.004972 -0.00544875347768 -0.119995 -1.60549485034 -18.780029 -18.4100201952
2014-08-07 -0.29 -20.3092294548 -0.0009 -0.0120948362425 -0.002467 -0.00534124169132 0.510002 -1.59256063926 -10.670044 -18.6807135725
2014-08-11 -10.9 -20.5178286179 -0.0027 -0.0122437158246 -0.002027 -0.00535613229842 -0.230003 -1.59530294551 5.330078 -18.8197046804
2014-08-12 -12.21 -20.5691806839 0.0045 -0.0117664938444 -0.001879 -0.00534805581325 0.029999 -1.5888770803 -3.170044 -18.836363717
2014-08-13 -23.7 -21.205996032 -0.0044 -0.0118537603464 0.000179 -0.00527648799505 0.209999 -1.5801135138 12.969971 -18.0807988993
2014-08-14 -28.77 -22.089026616 -0.0011 -0.0117872485869 -0.000393 -0.00527220778345 0.110001 -1.56737728968 8.460083 -17.4517987006
2014-08-18 -32.58 -23.5515772026 -0.0043 -0.0119116209563 -0.002935 -0.00519281722497 -0.520004 -1.5934341258 16.679931 -17.445116568
2014-08-19 8.26 -23.4910227225 -0.0017 -0.0119443335317 -0.003915 -0.00526728872668 -0.279999 -1.60004022408 9.859986 -15.5851781102
2014-08-20 19.14 -23.480669802 -0.0013 -0.0119522054887 -0.006148 -0.00543606446919 -0.459999 -1.60601758585 4.910034 -15.0228184983
2014-08-21 23.4 -23.3734426355 0.0115 -0.0120008422756 0.001884 -0.00541560764745 -1.340004 -1.63832635696 5.859985 -14.985423787
2014-08-25 -0.85 -23.4773278056 0.0029 -0.01198553976 -0.000975 -0.00565789809136 -0.450004 -1.56516488534 9.52002 -14.9742458656
2014-08-26 5.54 -22.6981373087 -0.0018 -0.0117022876824 -0.001876 -0.00568512256466 0.61 -1.54777923595 2.099976 -14.9784795908
2014-08-27 7.77 -22.6335256445 -0.0093 -0.0119009690429 0.002067 -0.00568758635162 -0.029998 -1.54002260326 0.0999750000001 -15.0289008578
2014-08-28 -6.02 -22.6098662798 -0.000500000000001 -0.011819409425 -0.000591 -0.00569649002937 0.68 -1.52990514358 -3.380005 -15.1358965733
2014-09-02 -3.6 -22.4124803787 0.0063 -0.0118373202885 0.0 -0.00576522197917 -2.209999 -1.6050521516 -1.089966 -15.0640131181
2014-09-03 -2.11 -22.3690930695 -0.0072 -0.0119721866447 0.001899 -0.0057059553061 0.5 -1.60406723731 -1.560058 -14.6649805682
2014-09-04 8.66 -22.0697996672 -0.0025 -0.0119994120339 -0.021821 -0.00714027956126 -0.669999 -1.60671825457 -3.069947 -14.766009989
2014-09-08 -11.37 -21.4393788951 0.0 -0.0116149747377 -0.006229 -0.00727280447014 -1.329995 -1.62381092441 -6.169922 -14.937422335
2014-09-10 -0.79 -21.4620957567 -0.0071 -0.011022559813 -0.002491 -0.00727493863303 -0.610001 -1.62414508417 7.25 -15.1785299505
2014-09-11 5.72 -21.3281864405 0.0006 -0.0109095924713 0.000651 -0.00712104176604 -0.790001 -1.63648556437 1.76001 -15.1936564219
2014-09-15 -2.5 -19.4383679234 0.0073 -0.0108551298932 -0.002029 -0.00692477029773 0.260002 -1.60441983078 -1.410034 -15.0524333149
2014-09-16 -6.43 -18.9146600003 0.0041 -0.0106683027667 0.001929 -0.00683358719227 0.190003 -1.60288380386 14.849975 -15.0149647629
2014-09-17 -14.39 -19.2451080165 -0.0071 -0.0108028921685 -0.010908 -0.00720317241661 -1.290001 -1.6309572739 2.589966 -15.0172093467
2014-09-18 -23.51 -19.4305749181 0.0015 -0.010803518945 0.007006 -0.00727042355253 0.239998 -1.6304738302 9.790039 -14.9145204348
2014-09-22 -0.6 -20.2649094548 -0.0006 -0.0108217606499 0.001007 -0.00745537669257 -0.239998 -1.63715470171 -16.109985 -15.2005963751
2014-09-23 23.03 -20.4899119227 -0.0027 -0.0108579578491 0.000248 -0.00744507979814 0.75 -1.61532615436 -11.520019 -14.9523887332
2014-09-24 4.99 -20.4650599987 -0.0012 -0.0108076927189 -0.007589 -0.00760141068091 -0.549995 -1.62023824697 15.530029 -15.0147720202
2014-09-25 -18.1 -20.7018276224 -0.000599999999999 -0.0108203417971 -0.002103 -0.00759045456299 0.339996 -1.61882972913 -32.310059 -16.4184608634
2014-09-29 -19.16 -20.8337868736 0.0229 -0.011619581007 0.001769 -0.00777092915507 -0.029999 -1.62052534219 -5.049927 -16.2433396951
2014-09-30 -1.97 -20.7668001135 -0.0115 -0.011844369884 -0.00625 -0.00788352782068 -0.82 -1.63665617225 -5.51001 -16.3796019925
2014-10-01 3.17 -20.7027202874 0.0 -0.0118472626689 -0.000415 -0.00781716079684 0.559998 -1.63271973324 -26.130005 -17.3294165398
2014-10-02 -6.75 -20.7793576964 0.0 -0.0113549387508 0.004639 -0.00783955263987 -0.029999 -1.53696448309 0.01001 -17.3548358242
2014-10-06 10.22 -22.0540626213 0.0 -0.0112825720214 0.013245 -0.00870112347269 1.419998 -1.59529923555 -3.080078 -17.5427145903
2014-10-07 11.02 -21.8917178304 0.0 -0.0112646663576 0.002195 -0.00870110811993 0.330002 -1.58530832073 -29.71997 -18.6403995176
2014-10-08 15.49 -21.9643848635 0.0 -0.0112073813508 0.007506 -0.0087393456389 1.11 -1.57292375241 33.790039 -19.1568844304
2014-10-09 26.94 -22.3760625786 -0.0088 -0.0113706668614 -0.0054 -0.00881118707283 0.169998 -1.57375726642 -40.680054 -20.8435042964
2014-10-13 15.59 -22.3349114711 -0.0056 -0.0111182728933 0.008411 -0.00886363959622 0.930001 -1.57126415256 -31.390015 -22.5012071291
2014-10-14 22.15 -22.54128474 0.0 -0.0106132977178 -0.008491 -0.00897404607783 0.069999 -1.57000797815 2.959961 -22.5120507163
2014-10-15 -10.88 -22.706600598 0.0004 -0.0106172743397 0.018263 -0.00943096472349 0.400002 -1.56768850778 -15.209961 -22.8377338436
2014-10-16 -11.26 -22.8645197525 -0.0026 -0.0104277978766 -0.001724 -0.00945954035242 0.230003 -1.5683368836 0.27002 -22.8303056787
2014-10-20 -7.31 -22.7407167642 -0.0004 -0.00984552674012 0.004568 -0.00954264281307 0.810005 -1.56756795286 17.25 -22.6283148381
2014-10-21 3.97 -22.7347205758 -0.0026 -0.00987416580172 -0.008053 -0.00968084635647 0.219994 -1.56808771975 37.270019 -23.178341775
2014-10-22 -2.03 -22.7570671788 -0.0027 -0.00990045724871 -0.007329 -0.00983116098877 -0.680001 -1.57122281711 -14.170044 -23.4810013
2014-10-23 -17.17 -23.1025340736 0.0012 -0.00987139900461 0.001263 -0.00983259091296 -0.819999 -1.58464569581 23.709961 -23.6122778589
2014-10-27 -0.42 -23.2456799169 -0.0024 -0.00982709326381 0.002262 -0.0098047114344 -0.29 -1.44385751907 -2.949951 -23.6661446485
2014-10-28 0.05 -22.9931910234 -0.0006 -0.00983705574489 0.00248 -0.00980168031343 0.04 -1.43740810045 23.420044 -23.7785042519
2014-10-29 -8.78 -23.0504341277 -0.0032 -0.00985905696057 0.003689 -0.009798994851 -1.689994 -1.48562589522 -2.75 -23.8115839841
2014-10-30 -4.29 -23.0299114161 -0.0021 -0.00988216583005 -0.010557 -0.0100761404483 -1.220002 -1.51305895716 12.349975 -23.5184747423
2014-10-31 1.26 -23.0283848784 0.0033 -0.00962003730918 -0.001944 -0.0100807910051 -2.529998 -1.60156213168 23.400025 -23.6387153644
2014-11-03 5.22 -22.9069319805 -0.0018 -0.00954638325367 -0.011023 -0.0103678500637 -0.510002 -1.60550873047 -0.23999 -23.610752054
2014-11-04 -1.9 -22.9395436253 0.0056 -0.00906261974583 -0.000719 -0.0103670048695 0.069999 -1.60442316557 -5.710083 -23.7345305764
2014-11-05 11.32 -22.7737133383 -0.003 -0.00904645156792 0.005662 -0.010370024478 -2.43 -1.67374178025 11.46997 -23.6703110236
2014-11-06 7.3 -22.6494051775 -0.0013 -0.00892502067622 -0.007253 -0.0104746461125 0.089996 -1.6696264293 7.640015 -23.6656358934
2014-11-07 -0.28 -22.5810948043 -0.002 -0.00895247891168 -0.009996 -0.0106459754421 3.090004 -1.74047084889 0.710083 -23.6719246837
2014-11-10 14.58 -22.6357579813 0.0108 -0.00891892518962 0.00813 -0.0106736593092 -2.510002 -1.81228720617 6.339966 -23.6775164956
2014-11-11 -2.66 -22.6788582766 -0.0033 -0.00896215344458 -0.003144 -0.010718969585 1.580002 -1.82141054966 1.420044 -23.5315225136
2014-11-12 38.67 -23.2850306826 0.005 -0.00894222696923 0.00459 -0.0107261196699 -0.540001 -1.82877270316 -1.430054 -23.2610606981
2014-11-13 15.17 -23.1070167889 0.0017 -0.00891643698855 -0.00459 -0.0107988762779 0.169998 -1.82838361792 1.079956 -23.307047283
2014-11-14 -20.9 -22.9946840678 -0.0014 -0.0089387484832 0.004605 -0.01075117142 2.800003 -1.87692399171 0.48999 -23.1611284466
2014-11-17 11.1 -22.1758273442 0.0047 -0.00894746171786 0.004248 -0.0107480097284 -0.419998 -1.88344993863 1.5 -23.1741899656
2014-11-18 -16.12 -22.4878574876 -0.0052 -0.00904679265252 -0.00695 -0.0108815591468 1.0 -1.77405458002 10.480103 -23.1745588903
2014-11-19 -0.82 -21.4218534966 -0.003 -0.00909424520931 0.008441 -0.0108564354808 -1.370003 -1.77984325972 -3.080078 -23.1623683019
2014-11-20 -15.45 -21.7706079333 -0.0018 -0.00905393333896 0.000739 -0.0107922084744 1.180001 -1.78399547622 4.030029 -23.1811620856
2014-11-24 13.84 -21.4318788214 0.0014 -0.00904372356956 -0.017 -0.0113532046082 -0.279998 -1.74602682545 5.909912 -22.4265300383
2014-11-25 6.56 -21.1786524871 0.0168 -0.00942029406198 0.005816 -0.0113563574698 0.269996 -1.74576240153 -2.379883 -22.3891855358
2014-11-26 -12.57 -21.4250539629 -0.0052 -0.00938895968772 0.004748 -0.0112562694539 -0.219993 -1.73949658462 5.800049 -22.3987533098
2014-11-28 -1.24 -21.4530542412 0.0 -0.00924539970502 -0.004395 -0.0113059028308 -3.050003 -1.84903206396 -5.270019 -22.5166423871
2014-12-01 2.39 -21.3674395005 0.0041 -0.00919437945834 -0.002371 -0.0112858057501 4.470001 -1.95162225839 -14.120118 -22.8269935922
2014-12-02 1.15 -21.299516369 0.0088 -0.00917396309041 0.003179 -0.0112820638507 -1.440003 -1.97886645089 13.110108 -22.5997900209
2014-12-03 -0.44 -20.9568147792 -0.0025 -0.00905620484715 -0.008157 -0.0114104572041 1.190003 -1.97684658138 7.780029 -22.5486607267
2014-12-04 -10.09 -21.0381608299 0.0007 -0.00881827263007 -0.007186 -0.0115262165577 -0.450005 -1.97797447635 -2.410156 -22.4192553042
2014-12-05 2.95 -20.9741355397 0.0044 -0.00882159401684 0.007002 -0.0115376493115 -1.449997 -2.00378793104 3.450195 -22.384946081
2014-12-08 -7.52 -21.0593492582 -0.0044 -0.00890021762976 -0.009259 -0.0117403127046 1.349999 -1.97523170846 -15.060058 -21.2107688541
2014-12-09 -16.0 -21.3461926156 0.0228 -0.0095123882842 0.002105 -0.0117249517927 2.410003 -1.99915065928 -0.489991 -21.1249972891
2014-12-10 -2.23 -21.375329971 0.0148 -0.00950509248435 0.007983 -0.0116793837537 -0.230003 -1.99676958284 -33.680053 -22.3466310398
2014-12-11 3.09 -21.154068956 -0.0112 -0.00964783183809 0.007901 -0.0117101398805 -0.269997 -1.99873339029 9.189941 -21.8214153496
2014-12-12 0.67 -21.1405366913 0.012 -0.00971310363367 -0.007901 -0.0118335938387 -0.279998 -1.99442929123 -33.0 -22.9321152006
2014-12-15 -2.56 -21.2063454512 -0.0017 -0.00961435010586 0.006859 -0.011850802771 -3.020005 -2.09640021899 -12.699951 -22.9868577069
2014-12-16 -12.89 -21.454845329 0.0036 -0.00954575563434 -0.002 -0.0118504300986 0.559998 -2.09375994681 -16.890015 -23.3263413859
2014-12-17 -15.05 -21.7294910428 -0.001 -0.00958410040597 0.00685 -0.0118377034694 -0.68 -2.10100957341 40.150025 -23.892536787
2014-12-18 -9.48 -21.7919588959 0.0075 -0.00949262663631 -0.017306 -0.0123890114676 0.880005 -2.09907175889 48.339965 -24.6286268444
2014-12-19 -0.63 -21.5178066724 0.0175 -0.00970403065685 -0.004853 -0.0124559001411 -0.380005 -2.10528024866 9.419922 -24.6278924448
2015-01-02 -10.54 -20.087773168 0.0 -0.0102105442072 -0.000922 -0.0124555533919 0.5 -2.17116154096 -0.699951 -25.4560334743
2015-01-09 19.14 -20.9339773692 -0.0005 -0.0101893561653 -0.003993 -0.0121675331407 1.32 -2.13843869987 -17.329834 -27.7834479787
2015-01-12 -5.2 -20.7978153217 -0.0032 -0.0102662284294 0.007463 -0.0121964268572 1.299996 -2.14038970968 -16.550049 -28.1002210881
2015-01-13 -31.71 -21.8141439442 -0.0069 -0.0104212757993 -0.003918 -0.0121461809488 -0.399994 -2.13546977962 -5.229981 -28.1343781523
2015-01-14 -45.33 -23.2631453438 -0.0058 -0.010468438233 -0.005323 -0.0122299169571 -0.190003 -2.14141881808 -11.760009 -28.4001453003
2015-01-15 13.09 -23.2581330758 -0.0036 -0.010372314385 0.000763 -0.0121974358905 2.970001 -2.14491524208 -18.599976 -28.7001336956
2015-01-16 6.12 -23.2527853911 -0.0065 -0.0105208148546 -0.014854 -0.0126123551226 1.579995 -2.14597675069 26.75 -28.5367042087
2015-01-20 -2.55 -21.1454983938 0.011 -0.0108395779113 0.003193 -0.0127109306725 1.68 -2.13650252366 3.130005 -28.5615954736
2015-01-21 5.49 -21.1347414069 -0.0031 -0.010925216305 -0.005103 -0.0127901382935 0.030006 -2.12254314407 9.569946 -28.5180902379
2015-01-22 16.26 -21.1919084782 -0.0032 -0.0108221949882 0.006841 -0.0125661215982 1.0 -2.09615603675 31.029907 -28.4373601636
2015-01-23 -0.27 -21.1603374548 -0.0027 -0.0108838819259 -0.02686 -0.0136791092077 -1.0 -2.11779934489 -11.329834 -28.6205366446
2015-01-26 31.14 -21.1268809944 0.0189 -0.0110930871286 -0.02213 -0.014301965703 -1.240005 -2.14507987345 5.27002 -28.6350542988
2015-01-27 -21.72 -21.7135428441 0.0279 -0.0116359163676 0.012226 -0.0144054188466 1.410004 -2.11503460215 -27.540039 -29.3678191077
2015-01-28 -12.84 -21.9149457514 -0.0107 -0.0118717366148 0.011967 -0.0144917117237 -0.980004 -2.13593293715 -27.390015 -30.1143917094
2015-01-29 -13.45 -21.9894175676 0.0014 -0.0118362249894 -0.008592 -0.0145179541515 -2.659996 -2.20385063131 19.089966 -30.0729348665
2015-01-30 2.53 -21.7935336422 9.99999999998e-05 -0.0118260698951 0.00541 -0.0144918815542 2.689995 -2.2166672073 -26.26001 -30.3996920706
2015-02-02 6.18 -21.7783312659 0.0044 -0.0115690280354 -0.002654 -0.0143749639651 -1.029999 -2.24119385031 25.859986 -30.2402854212
2015-02-03 8.63 -21.6581197743 0.0085 -0.0112380907043 0.003271 -0.0143724084941 -1.369995 -2.26111824444 29.180053 -30.3797178072
2015-02-04 -10.81 -21.8602621008 -0.0038 -0.010985835672 0.011565 -0.0143421696929 0.529999 -2.25997183788 -8.520019 -29.6234773991
2015-02-05 -5.3 -21.9056839422 -0.008 -0.0111771986044 -0.013863 -0.0146690419268 0.209999 -2.25320065345 21.01001 -29.6512917043
2015-02-06 -0.64 -21.543786843 0.0044 -0.0111385773455 0.015322 -0.0148237903257 -3.150002 -2.35305575134 -7.050049 -29.6871458947
2015-02-09 -5.25 -21.3403915585 -0.0087 -0.0113586893277 -0.015758 -0.0148264245 0.529999 -2.3351374356 -8.729981 -29.748150197
2015-02-10 -0.98 -21.345934098 0.0054 -0.0113182545419 0.001256 -0.0147266030915 -0.699997 -2.35067065422 21.850098 -29.062107889
2015-02-11 2.59 -21.3285230228 -0.007 -0.01147435141 -0.0005 -0.0147423163531 -1.400001 -2.37848262095 -0.0600589999999 -29.0629823256
2015-02-12 -0.18 -21.1931857978 0.000500000000001 -0.0114677295482 -0.000999 -0.0147439160259 0.269996 -2.32295966655 19.949951 -29.0484594045
2015-02-13 12.93 -21.147754996 0.0022 -0.0112267615237 0.009198 -0.0146949278591 0.640007 -2.3216011858 8.51001 -28.9347059124
2015-02-17 5.1 -21.0596281229 0.0083 -0.0111663912711 -0.006603 -0.0147176998313 -1.970001 -2.37148809183 3.350098 -28.0781731796
2015-02-18 -1.79 -21.0582624384 0.0055 -0.01112309739 0.007071 -0.014571322222 0.329994 -2.37293167077 -0.660156 -27.9398733778
2015-02-19 0.3 -21.0675018309 0.0 -0.01112871691 -0.000468 -0.0143292729298 -0.399994 -2.37998548579 -2.229981 -26.5888775102
2015-02-20 5.39 -21.0672915223 0.0 -0.0110827631919 -0.00333 -0.0143506706712 -0.660003 -2.38934597795 12.850098 -25.9529565749
2015-02-23 -1.36 -21.1887402652 0.0 -0.0110923863634 0.001474 -0.0142660182358 0.150001 -2.39235137235 -0.640137 -25.0002026997
2015-02-24 2.53 -21.1408057485 0.000999999999999 -0.0110729588047 -0.004849 -0.0143388085655 -0.169998 -2.39506185877 5.820068 -24.9739160156
2015-02-25 -0.72 -21.1184902198 0.0 -0.0110267500978 0.000604 -0.0141985790313 0.439995 -2.3948503671 -1.619873 -24.6577321284
2015-02-26 -1.78 -20.2857384942 0.0044 -0.0109362698631 0.002461 -0.0140674860747 0.370003 -2.39389397129 -3.120117 -24.7109857984
2015-02-27 13.63 -20.2618722924 0.0 -0.0109523786325 -0.015828 -0.0144895572265 0.090004 -2.39018834986 -6.23999 -24.8379192619
2015-03-02 11.88 -19.3874900526 0.0091 -0.0108723407862 -0.00434 -0.0145535507897 -0.480004 -2.40117185922 12.889893 -24.8253471997
2015-03-03 10.08 -19.378539156 0.0051 -0.0108163066381 0.001709 -0.0145553053074 -0.209999 -2.40565777911 -9.609864 -24.7319977051
2015-03-04 0.77 -19.0091682329 0.0 -0.0107549624161 0.000313 -0.0145635024669 -0.36 -2.40017665084 -9.25 -24.6016216001
2015-03-05 -5.3 -19.0730780408 -0.0031 -0.0107765634865 -0.010013 -0.0145465476654 -0.110001 -2.38845756613 2.51001 -24.5635169238
2015-03-06 2.44 -18.7111750717 -0.0032 -0.0108749982198 -0.005 -0.0145929051321 -3.139999 -2.4814730296 -29.780029 -25.5140161296
2015-03-09 8.2 -18.6031613559 -0.0036 -0.010913871341 -0.018606 -0.0149062604441 0.11 -2.47692821241 8.169922 -25.4075199924
2015-03-10 8.41 -18.6095710957 0.0012 -0.0109444120102 -0.001258 -0.0149111879753 -0.550003 -2.4848384064 -35.269898 -26.5119795188
2015-03-11 0.44 -18.3509354802 -0.003 -0.0109444120102 -0.012471 -0.0151732993328 -0.669998 -2.45932604842 -3.920044 -26.5301389913
2015-03-12 3.04 -18.3316083135 0.0 -0.0109228570871 -0.015995 -0.0154598231313 -0.029999 -2.4375989575 25.709961 -26.6510056827
2015-03-13 -5.1 -18.389756003 0.0 -0.0108879240018 0.007756 -0.0152996930059 0.159996 -2.36843381714 -12.550049 -26.8594826865
2015-03-16 5.63 -18.427909689 -0.0033 -0.0109713950402 -0.014468 -0.0156063736894 -0.069999 -2.36200878239 27.790039 -26.9539727472
2015-03-17 -2.42 -18.4653684417 0.0031 -0.0108748927206 0.009132 -0.0156103255064 -0.599999 -2.37156657601 -6.909912 -26.9764411503
2015-03-18 -20.54 -19.009977936 -0.0123 -0.0112796984401 0.00251 -0.0156074493431 2.160004 -2.31243732822 25.219971 -27.0850375874
2015-03-19 -9.47 -18.9941244114 -0.0208 -0.0120944715331 0.025194 -0.0160630369409 -0.080002 -2.31437580146 -10.22998 -27.3227923074
2015-03-20 2.49 -18.9961581051 -0.0327 -0.01366653254 -0.018105 -0.0165458123537 1.279999 -2.2835388044 18.830078 -27.296671708
2015-03-23 2.7 -18.8805875266 0.01 -0.0136794214035 0.015767 -0.0166997576479 0.720001 -2.20832297094 -3.680176 -27.4022357454
2015-03-24 -16.21 -18.8882452489 0.009 -0.0135501469274 0.011838 -0.0166509452766 0.279999 -2.20718010371 -12.919922 -27.6595327451
2015-03-25 -6.61 -18.961072675 -0.0097 -0.0137255232776 -0.004296 -0.0166946513153 0.160003 -2.19731138456 -30.449951 -28.4828392791
2015-03-26 6.91 -18.9583994895 0.0057 -0.0136571783628 0.005844 -0.0166901786377 0.75 -2.19415059938 -4.900147 -28.5626081982
2015-03-27 -2.59 -18.9935197114 0.0004 -0.0136883009194 -0.00741 -0.0168039125796 -0.420005 -2.17889925804 4.870118 -28.525245216
2015-03-30 0.34 -19.0201493259 -0.0087 -0.0137853584863 -0.00547 -0.0164654813706 -1.309998 -2.19937173927 25.21997 -28.582029893
2015-03-31 -0.7 -18.7676819965 -0.009 -0.0138888698205 -0.009211 -0.0166312344603 -0.089996 -2.20454267799 -18.350097 -29.0294605283
2015-04-01 -0.76 -18.4399819135 -0.0004 -0.0139194856589 0.00318 -0.0166303748009 1.939994 -2.18054802572 -8.199952 -29.1168440882
2015-04-02 6.98 -18.244418172 -9.99999999998e-05 -0.0139207399958 0.010081 -0.016607750454 -0.319999 -2.18865829164 7.27002 -29.0991936499
2015-04-06 1.99 -18.0030571799 0.0 -0.0139817921942 -0.006652 -0.0167652359652 1.410003 -2.19043424317 13.660156 -29.1028114085
2015-04-07 -3.77 -17.6846692454 0.0012 -0.0139316877989 -0.011067 -0.0168433323397 -0.580001 -2.19557794916 -4.290039 -29.2090632956
2015-04-08 -7.32 -16.8999463726 0.0032 -0.0139111521299 -0.003887 -0.0167815976172 -0.64 -2.20805625277 5.569824 -29.1327582696
2015-04-09 -3.64 -16.8131031327 0.0033 -0.0139158654476 -0.011622 -0.0170072688924 -0.800003 -2.21850504039 9.28003 -29.1203441542
2015-04-13 -6.66 -15.3312337354 0.0056 -0.0135018829604 -0.00369 -0.0169837820095 -0.830002 -2.03793767957 -9.630127 -28.8760463846
2015-04-14 -11.26 -12.9076880475 -0.0026 -0.0134787954712 0.007418 -0.0169791758276 -0.699997 -2.01804013375 3.410156 -28.9053129208
2015-04-15 0.91 -12.8537399959 -0.0084 -0.0133857995997 0.002967 -0.016960793665 0.989998 -2.01697306563 10.789795 -28.8995385867
2015-04-16 6.86 -12.856333476 -0.0068 -0.0134950879917 0.007878 -0.016845505638 -0.400001 -2.01610640095 -1.639893 -28.8890900164
2015-04-20 -0.58 -12.6678736458 0.0053 -0.0134735267085 -0.006274 -0.0169056595565 -0.879997 -1.99712745432 19.21997 -29.1644338473
2015-04-21 4.11 -12.6681250567 0.0 -0.0134610180743 -0.000577 -0.0169127493065 0.659996 -1.9748901439 -3.109863 -29.1994765519
2015-04-22 6.97 -12.5172896868 -0.0062 -0.013595410747 -0.00159 -0.0164969405241 -1.549995 -2.00686237289 10.669922 -28.1537736402
2015-04-23 -0.98 -12.52628888 0.003 -0.0134203287594 0.00892 -0.0164491029532 0.830002 -2.00002519398 4.969971 -28.1736116312
2015-04-27 2.52 -11.0121686879 0.0242 -0.0139070796238 0.000899 -0.0163344042683 2.279999 -1.94582767285 -8.770019 -27.0602129404
2015-04-28 3.07 -10.6273351373 -0.0125 -0.0142377526127 0.009116 -0.0162787843961 1.0 -1.94611865099 5.840088 -26.6392128038
2015-04-29 -0.34 -10.2230198436 -0.0063 -0.0141136368694 0.01452 -0.0163794694947 -0.82 -1.94931400293 -7.909912 -26.4044980843
2015-04-30 8.12 -10.2495931376 0.0008 -0.0141057194006 0.010034 -0.0163990264072 -2.040001 -2.00741626075 -21.340088 -26.1804694553
2015-05-04 -0.18 -9.97412126084 0.0074 -0.0141067117704 -0.003679 -0.0164097798239 1.019996 -1.94201686393 6.199951 -26.2763363215
2015-05-05 -4.77 -9.7634388157 -0.0032 -0.013467821429 0.003717 -0.0163970381005 0.32 -1.94104516434 -25.030029 -26.9458149456
2015-05-06 -0.5 -9.66575350919 -0.0062 -0.0136058251559 0.015516 -0.0163904903134 -0.059997 -1.94209090529 -9.310059 -27.0944621211
2015-05-07 -0.65 -9.66588898802 0.009 -0.0135961068834 -0.009452 -0.0165559918553 -0.940003 -1.9495288778 7.850098 -27.0916649365
2015-05-11 -0.23 -9.53636621782 0.0012 -0.0135520114623 -0.004965 -0.0163639530751 -0.440002 -1.92738943397 -10.77002 -27.2410446738
2015-05-12 -0.57 -9.56389068031 -0.0003 -0.0134394164552 0.007704 -0.0162478318875 0.970001 -1.88548018712 -6.209961 -26.8344037917
2015-05-13 1.54 -9.54720711571 -0.0043 -0.0135246740703 0.012902 -0.016226698242 2.050003 -1.89888658074 -0.640137 -26.8336655528
2015-05-14 -5.09 -9.53517570495 -0.003 -0.0135615861578 0.00545 -0.0161437560602 0.629997 -1.89127362887 22.620118 -25.6089113128
2015-05-18 -0.73 -8.97791534986 -0.0018 -0.0133826072532 -0.011887 -0.0163422317785 -0.010002 -1.87796378807 6.469971 -25.1087234522
2015-05-19 -2.53 -9.0284675038 0.0024 -0.0132591442138 -0.017952 -0.0167451443422 -1.629998 -1.90985696131 -1.369873 -24.8064047548
2015-05-20 0.85 -8.99565669476 -0.003 -0.0132478806005 -0.004591 -0.0168164913566 0.190003 -1.90880977286 -1.97998 -24.4459503834
2015-05-21 1.6 -8.98561573588 -0.0069 -0.013258450956 0.00111 -0.0164527266921 -0.39 -1.9147472637 4.96997 -24.0324236153
2015-05-26 -0.37 -8.81479409619 0.0019 -0.0129255004908 -0.008231 -0.0167031088161 -1.689994 -1.94842611853 -21.860108 -24.3509863008
2015-05-27 -0.38 -8.83623973953 -0.0026 -0.0129149152607 0.001115 -0.0167155541548 -0.020005 -1.90763759487 19.280029 -23.8895566395
2015-05-28 0.22 -8.82509446784 -9.99999999998e-05 -0.012878092161 0.006034 -0.0157292189018 0.129998 -1.90117780781 -2.689941 -23.8387897983
2015-06-01 -5.67 -8.82269972341 0.0012 -0.0119719080361 -0.003495 -0.0150368424886 -0.099998 -1.89385836869 4.340087 -24.1651818155
2015-06-02 -2.05 -8.71323579565 -0.0013 -0.0117314987368 0.022702 -0.0153003626235 0.459999 -1.89212094743 -2.129882 -23.9803554887
2015-06-03 1.46 -8.60971322456 -0.0004 -0.011746520612 0.010783 -0.0151325598988 -0.82 -1.88770345464 4.46997 -23.7264642112
2015-06-04 -0.33 -8.6187420524 0.0033 -0.0117300358786 -0.004997 -0.0152421745276 -0.800003 -1.87604031166 -18.22998 -24.1904403097
2015-06-08 1.8 -8.54095474865 0.0022 -0.0117011701149 0.01728 -0.0155431072505 0.330002 -1.86114259441 -13.550049 -22.9159376588
2015-06-09 3.3 -8.47820442038 0.000100000000001 -0.0116443880882 0.00181 -0.0155219237997 0.25 -1.7725864237 0.869873 -22.9048981112
2015-06-10 -0.7 -8.42146935673 9.99999999998e-05 -0.0114786025901 0.001291 -0.0151685512053 0.959999 -1.73135438837 25.050049 -22.2334492098
2015-06-11 0.3 -8.42244332584 0.0008 -0.0114882399548 -0.007133 -0.0152286734059 -0.519997 -1.71934613687 3.660156 -22.0882572997
2015-06-15 2.11 -8.20819197668 0.0007 -0.0112926327872 0.005707 -0.0148174581624 0.5 -1.68929788328 -9.680175 -22.229882175
2015-06-16 7.82 -8.24627487202 -0.0004 -0.0111588903214 -0.003499 -0.0148625464625 -0.410003 -1.69629539623 11.860107 -22.1367858845
2015-06-17 8.23 -8.26732505779 0.001 -0.0111548894302 0.012795 -0.0148742458157 0.529998 -1.56763668756 4.149902 -21.9840946472
2015-06-18 -4.06 -7.28798315625 -0.0017 -0.0111913218729 7.69999999999e-05 -0.0148904819991 1.470002 -1.57662256876 20.800049 -21.8670662941
2015-06-22 1.99 -7.05484843485 0.0 -0.0110984635284 -0.002388 -0.0147984655874 -1.480004 -1.57013593665 12.860108 -21.9873326178
2015-06-23 -0.73 -7.07473924829 -0.0027 -0.0111460284245 -0.017687 -0.0153318884508 -0.75 -1.58539153383 1.349853 -21.9413724447
2015-06-24 -3.17 -6.35985173411 0.0003 -0.011143267315 0.00348 -0.0153017348033 -0.300003 -1.59169708089 -15.619873 -22.3331131272
2015-06-25 -0.1 -6.1837374096 0.0023 -0.0111285090456 -0.000401 -0.0152594568741 -0.149994 -1.53495700336 -6.270019 -22.4597614833
2015-06-29 3.95 -5.89826834074 -0.0002 -0.0111428681336 0.024795 -0.016268804694 0.510002 -1.52773903052 -43.850097 -24.1606288222
2015-06-30 8.49 -5.97928727002 -0.0078 -0.0113030156866 -0.008798 -0.0164417881767 -0.699997 -1.52870405574 5.470214 -24.1522541666
2015-07-01 -4.11 -6.05988959583 0.0005 -0.0113126333854 -0.010136 -0.0166642368131 -0.39 -1.53562228151 14.309815 -24.1241373868
2015-07-02 -1.83 -6.07925977989 0.0032 -0.0112971372503 0.005334 -0.0162328326546 -0.220001 -1.53633486482 -0.639893 -24.1715176427
2015-07-06 7.55 -6.18188825714 0.0035 -0.0112513303 0.005394 -0.0163309995608 0.299996 -1.53673860499 -8.020019 -24.2778916784
2015-07-07 -5.89 -6.34693368893 0.0008 -0.0112449801647 -0.003905 -0.0163906148765 -1.299996 -1.56916292901 12.580078 -24.2053333935
2015-07-08 0.77 -6.26193320146 -0.001 -0.0112135324344 0.006107 -0.016156031636 0.329994 -1.56777454842 -34.660034 -25.2250764596
2015-07-09 1.04 -6.0368333588 -0.0002 -0.0111713540945 -0.000796 -0.0160865310918 0.270005 -1.55865279227 4.630005 -25.221231381
2015-07-13 -13.72 -6.92715351564 -0.0009 -0.0111337186565 -0.013858 -0.0158390730971 -0.5 -1.5575441399 22.979981 -25.1049543161
2015-07-14 -0.96 -6.7617875895 0.0005 -0.0110884120513 0.001754 -0.0155304461593 -0.25 -1.55947113485 9.349853 -25.0770464158
2015-07-15 -0.49 -6.34850969322 0.0003 -0.0110857129512 -0.006445 -0.0152128877253 -0.579994 -1.43500127676 -1.550049 -24.2210096745
2015-07-16 -8.47 -6.62927390998 0.000299999999999 -0.0110830109497 -0.005754 -0.0153464508936 -0.400002 -1.44200200928 16.890137 -24.2523940161
2015-07-20 0.96 -6.75134077071 0.0003 -0.0110490301069 0.000516 -0.0150899174393 -2.950005 -1.56552495646 1.640136 -22.9607953641
2015-07-21 2.22 -6.72277981702 -0.0002 -0.010713276547 0.010455 -0.0150967898518 -0.329994 -1.56958828055 -9.070068 -23.0158556549
2015-07-22 -2.75 -6.79605608165 -0.0002 -0.0098515824716 -0.001291 -0.0147759876126 -0.57 -1.57975420375 -5.060059 -22.8424408114
2015-07-23 0.37 -6.78312639585 9.99999999998e-05 -0.00764703223807 0.006196 -0.0141992714855 -0.470001 -1.58578996013 -12.0 -22.9029864631
2015-07-27 0.46 -6.3258027704 -0.000100000000001 -0.00750449308057 0.011767 -0.0141453618132 -0.489997 -1.557948642 -12.010009 -23.4640691745
2015-07-28 3.15 -6.32419772822 -9.99999999998e-05 -0.00720566707128 -0.002405 -0.0141103486259 0.159996 -1.55587934951 25.610107 -23.4287349154
2015-07-29 -3.96 -6.4381806222 -0.0004 -0.00720641438411 -0.008193 -0.0143040179219 0.150001 -1.54984754888 15.320068 -23.3909641204
2015-07-30 -2.93 -6.49244178304 0.0007 -0.00720379724631 -0.004482 -0.014234654324 -0.900001 -1.56743513567 0.0598150000001 -23.3405832588
2015-08-03 3.95 -6.58182924721 -9.99999999998e-05 -0.00695812751168 -0.001298 -0.0141317153367 -0.830002 -1.58327427361 -5.800049 -22.2898236878
2015-08-04 0.39 -6.57454997756 -9.99999999998e-05 -0.00667961683797 -0.006704 -0.0140609620064 0.21 -1.58259906218 -4.719971 -22.2865757235
2015-08-05 -0.89 -6.475975471 9.99999999998e-05 -0.00667342768383 0.001412 -0.0140726171636 -0.379998 -1.58192683878 6.52002 -22.2797618703
2015-08-06 -3.67 -6.54653901738 0.0 -0.00667223249699 0.002395 -0.0140580218199 0.459999 -1.55086184126 -16.280029 -22.5051361087
2015-08-10 0.34 -6.88210944656 0.0 -0.00667223249699 0.005195 -0.0138430878179 1.069999 -1.52862744546 26.609864 -22.1927545874
2015-08-11 1.37 -6.86636701156 0.1152 -0.019568849743 0.002506 -0.0135614398416 0.540001 -1.5229840458 -20.109864 -22.7409924701
2015-08-12 2.53 -6.84086825189 0.0621 -0.0213791263767 0.011892 -0.0135117550677 1.489998 -1.52471226813 1.979981 -22.7526432318
2015-08-13 -2.85 -6.90700190227 0.0119 -0.0213440408823 0.0 -0.0132238744797 -0.889999 -1.53229536909 -2.660156 -22.7269194339
2015-08-17 -0.98 -6.97995735837 0.0029 -0.0215447197712 -0.001499 -0.0132074242566 0.279999 -1.50642233856 10.899902 -22.7245221705
2015-08-18 -3.49 -7.00358493665 -0.0009 -0.0215176694507 -0.004717 -0.0133195393416 -0.019996 -1.50054800551 -5.520019 -22.8495819782
2015-08-19 -20.92 -8.11138219281 0.002 -0.0213319182531 0.00872 -0.0133232051746 1.440002 -1.49422016446 -17.309815 -23.069937838
2015-08-20 0.25 -8.12165322829 -0.0068 -0.0213319182531 0.011894 -0.0133602637144 1.889999 -1.50082680599 -43.880127 -24.7936238307
2015-08-24 -11.57 -8.54360543143 0.0155 -0.0213227572815 0.020611 -0.0134971486145 -0.599998 -1.50275293791 -77.680054 -31.8908725218
2015-08-25 -3.91 -8.60728513767 0.0085 -0.0212494710268 -0.003211 -0.0135418190157 -1.369995 -1.53786285174 -25.599976 -31.9514319793
2015-08-26 11.86 -8.73386479945 -0.0019 -0.0211665026462 -0.02109 -0.0142427898864 -1.490006 -1.55845815419 72.900025 -33.8738223968
2015-08-27 0.23 -8.72751357471 -0.0057 -0.021304141186 -0.009209 -0.0144707186639 0.060005 -1.5597327781 47.150024 -34.4039390696
2015-08-31 0.64 -8.51395475229 -0.0121 -0.0218678622888 0.001183 -0.01455552933 0.120003 -1.52049123522 -16.689941 -34.7745695509
2015-09-01 -0.57 -8.53367278318 -0.0119 -0.0218505374067 0.006758 -0.0145458046953 0.379997 -1.4751315122 -58.330078 -36.8667405906
2015-09-02 0.38 -8.52574860734 -0.0086 -0.0219030030441 -0.00774 -0.0146509001635 -0.579994 -1.45128704997 35.010009 -36.9515011962
2015-09-03 -0.9 -8.51512249769 0.0 -0.0219132407985 -0.009009 -0.0148428843849 -0.780007 -1.463486651 2.27002 -36.9733040803
2015-09-08 3.17 -8.49959349381 0.0013 -0.0218417853293 0.004342 -0.0147130526151 0.029999 -1.38718015447 48.190063 -37.6419263778
2015-09-09 -3.61 -8.56743899325 0.0106 -0.0216616687551 0.001333 -0.0146232191966 -1.39 -1.41678344651 -27.369995 -38.2292605469
2015-09-10 -0.9 -8.58889541557 -0.000599999999999 -0.0217406580699 0.007019 -0.0144000386841 0.25 -1.41290028691 10.25 -38.2178753538
2015-09-14 -2.61 -8.78767169362 -0.0071 -0.0219158370132 -0.003643 -0.0142531362065 0.059997 -1.4161162562 -8.02002 -37.6380007032
2015-09-15 0.47 -8.75065816898 0.0021 -0.021886499089 -0.003581 -0.0143327903911 -0.319999 -1.40157087952 25.059937 -37.6997059367
2015-09-16 -2.21 -8.71104483437 0.0009 -0.0218054770016 0.002023 -0.0142829383333 1.409996 -1.41262213891 17.220093 -37.6052949124
2015-09-17 3.04 -8.70043375069 -0.0049 -0.0218405587629 0.010892 -0.0143165768561 1.100006 -1.40911795669 -5.110108 -37.5112886825
2015-09-22 0.84 -8.64803071997 0.0117 -0.0218159213397 -0.017128 -0.0148005023098 -0.739998 -1.40467149336 -24.229981 -38.6038107878
2015-09-23 2.03 -8.63265610269 0.0077 -0.0217779284125 0.006919 -0.0142430316217 0.43 -1.40469571252 -3.97998 -38.6622839441
2015-09-24 1.53 -8.62259196191 -0.0004 -0.0217369193074 -0.001101 -0.0141828491897 2.269997 -1.44214914197 -6.52002 -38.7843090538
2015-09-28 4.61 -8.62846266494 -0.0053 -0.0218892211352 0.002931 -0.0138630488491 -1.39 -1.44471966428 -49.569946 -40.2091027709
2015-09-29 0.48 -8.5515844865 -0.0052 -0.0220247155866 0.002491 -0.0138097584175 -0.439995 -1.44563946922 2.319946 -40.2250081711
2015-09-30 -1.32 -8.54342738529 -0.0065 -0.0221609323678 -0.008388 -0.013814384265 -1.120002 -1.46872782991 35.940063 -40.3591793519
2015-10-01 0.72 -8.51666188402 -0.001 -0.0221360765483 0.002138 -0.0138058602524 -0.129998 -1.42301179887 3.789917 -39.9344032459
2015-10-05 -0.84 -8.32303323009 0.0 -0.0220908699004 -0.00318 -0.0138557364944 -0.220001 -1.46074822132 35.690064 -40.1291413327
2015-10-06 4.74 -8.32443391553 0.0 -0.0221059379634 0.007279 -0.0137719599472 1.090004 -1.4632654111 -7.130005 -40.016457372
2015-10-07 2.32 -8.31955608218 0.0 -0.0220875644919 -0.002799 -0.0135193058486 -0.160004 -1.46403729982 15.909912 -39.9911798815
2015-10-08 -1.48 -8.05208188468 -0.0026 -0.0221210008624 0.004694 -0.0134834508431 -0.559998 -1.4752960127 17.600098 -39.9083101853
2015-10-12 0.58 -7.14574708358 -0.0223 -0.0229337180486 -0.001446 -0.0131739542066 0.439995 -1.45595440757 2.569946 -39.5908495135
2015-10-13 -1.04 -7.1525337113 0.0193 -0.0229405127999 0.002947 -0.0130116022662 0.550003 -1.44283094367 -13.77002 -39.7726698288
2015-10-14 4.31 -6.91432358275 0.0054 -0.0228894502127 0.009054 -0.0130183495276 1.949997 -1.46276039455 -9.449951 -39.6936254605
2015-10-15 4.17 -6.78572206249 -0.0015 -0.0229116878468 -0.010736 -0.0132840684011 -0.519997 -1.47357945027 29.619995 -39.730089872
2015-10-19 -3.01 -6.92345229725 0.0075 -0.0228198026114 -0.003204 -0.0131741413346 -0.470001 -1.48906138059 0.550049 -39.7155968269
2015-10-20 4.07 -6.87243198721 -0.0117 -0.023065609598 0.002495 -0.0131807653292 0.710006 -1.48610237418 -2.890014 -39.5099273527
2015-10-21 2.55 -6.86336707218 0.0009 -0.023049091373 -0.000593 -0.0131343265527 -1.0 -1.50994279786 -11.830079 -39.5505316593
2015-10-22 4.81 -6.82860153136 0.0087 -0.0229940249724 -0.026708 -0.0141738982906 -0.040001 -1.50429943685 33.570069 -39.6994094339
2015-10-26 -5.3 -7.03602258015 -0.0089 -0.023134632549 -0.006057 -0.0142770819317 -0.07 -1.50350195597 -3.96997 -39.7967432168
2015-10-27 8.91 -7.03291992246 0.0041 -0.0231107096617 0.004561 -0.014254718323 0.25 -1.49911070895 -5.290039 -39.6951343336
2015-10-28 8.55 -7.03744940526 0.0 -0.0231107096617 -0.002895 -0.0142628682836 -0.900001 -1.47881552945 24.460205 -39.7356398571
2015-10-29 8.99 -7.02709408452 0.0061 -0.023013514814 -0.010808 -0.0139777368179 -1.059998 -1.48786162966 -0.940186 -39.7600729834
2015-10-30 13.57 -7.151870477 -0.0026 -0.0230557144053 0.006488 -0.013978822103 -0.419998 -1.4899995291 -10.049805 -39.6450766786
2015-11-02 30.25 -8.55309999644 -0.0386 -0.0244658791077 0.003213 -0.0139514898853 -0.710007 -1.50073602617 24.689942 -39.5220675228
2015-11-03 41.13 -10.4146234631 0.0193 -0.0244339083045 -0.000996 -0.0131340604659 -1.609993 -1.54445806667 5.73999 -39.4611666012
2015-11-04 58.78 -13.3697242612 -0.0013 -0.0244489058534 -0.005206 -0.0127704525579 -1.010002 -1.5668711418 -7.47998 -38.3328509926
2015-11-05 -43.94 -15.7576828326 -0.0002 -0.0243162140539 -0.009592 -0.0127962867992 -0.330002 -1.55948118984 -2.380127 -38.4134375892
2015-11-06 -28.29 -16.7238855818 0.0103 -0.0242511863121 0.001597 -0.0125514509036 -1.540001 -1.5926980905 -0.729981 -38.5051905253
2015-11-09 -5.01 -16.6513640602 0.0069 -0.0242247887272 -0.015059 -0.0130028477324 0.300004 -1.58821448549 -20.619873 -38.8936399739
2015-11-10 -17.7 -17.1696928652 0.0091 -0.0241663540588 0.00261 -0.0127880514823 -0.220002 -1.59269807729 3.139893 -38.7478915038
2015-11-11 -44.01 -19.2063864282 -0.0004 -0.0242104441843 -0.002195 -0.012837660216 -0.349998 -1.56798365227 -6.719971 -38.9191505432
2015-11-12 10.58 -19.1566918546 0.0057 -0.0241646820879 0.002543 -0.0127602607787 0.019996 -1.56984143199 -29.030029 -38.7177826075
2015-11-13 8.77 -19.1115347476 0.0018 -0.0241291351897 0.005203 -0.0127573822037 -0.29 -1.57523205138 -22.929932 -39.2159163481
2015-11-16 -1.68 -19.1515113692 0.0045 -0.0240787820794 -0.011503 -0.0130252752082 0.150001 -1.57510130564 30.149902 -39.2667843857
2015-11-17 12.4 -18.5170414746 -0.0026 -0.0241235322239 -0.0012 -0.0130533538976 -1.370003 -1.59951801054 -2.75 -39.3435388064
2015-11-18 -1.35 -18.5389497036 0.0074 -0.0240448300305 -0.004414 -0.0127502941963 0.090004 -1.59583689001 33.140137 -39.4764229703
2015-11-19 -2.16 -18.5849988206 0.0063 -0.0239903107427 0.002612 -0.0127461066803 1.129998 -1.5890220638 -2.340088 -39.4862063094
2015-11-20 -13.1 -18.8071273028 -0.0019 -0.0240217469482 0.005619 -0.0126090002135 -0.470002 -1.59030134254 7.929932 -39.4980426419
2015-11-23 0.25 -18.518870582 0.002 -0.0240013013011 -0.008515 -0.0126857490138 -0.829994 -1.58219962983 -2.579834 -39.5516701923
2015-11-24 -2.49 -18.4935980596 0.0043 -0.0239544007276 0.000102 -0.0125882873541 0.68 -1.46143812839 2.549805 -39.5433353071
2015-11-25 2.46 -18.5113252032 0.000500000000001 -0.0239518080895 0.000182 -0.0125915442571 -0.480003 -1.46428160481 -0.269776 -39.41656476
2015-11-27 8.59 -18.6513601186 0.0004 -0.0239493771038 -0.002051 -0.0126020077706 -1.209999 -1.4828227573 1.23999 -39.338771001
2015-11-30 11.89 -18.5760393805 0.0054 -0.0238948979538 -0.002143 -0.0126447820781 0.669998 -1.47331307689 -9.700195 -39.2944643122
2015-12-01 -10.99 -18.8055273242 0.0032 -0.0238589156008 -0.001007 -0.0126360435924 0.360001 -1.47073086299 22.219971 -38.7925184315
2015-12-02 -9.48 -19.0026121597 0.000599999999999 -0.0238496383049 0.005291 -0.0125632933222 -1.589997 -1.50578423117 -23.119873 -39.0675577871
2015-12-03 7.21 -18.9327914999 0.0 -0.0238482777055 -0.001285 -0.0125471161006 1.07 -1.50792299844 -29.889893 -39.7677044949
2015-12-04 -2.73 -18.9934652414 -0.0013 -0.0238613522876 0.030295 -0.0131636524151 2.259995 -1.53654841391 42.069824 -40.0603372703
2015-12-07 0.77 -19.0266500546 0.0036 -0.0238292625484 -0.003196 -0.0131382215701 -1.349999 -1.55136858601 -14.619873 -40.300963395
2015-12-08 2.23 -19.0357053772 0.0071 -0.0237631115635 -0.005 -0.0132434509701 0.169998 -1.55262432871 -13.47998 -40.4546058306
2015-12-09 18.81 -18.9744394112 0.009 -0.0236851138403 0.005996 -0.0132035128584 -0.199997 -1.53947878843 -15.970093 -40.6468598299
2015-12-10 1.95 -18.936965297 0.0108 -0.0236015942354 0.012399 -0.0131135605055 -0.089996 -1.54235085891 4.609985 -40.5463657974
2015-12-11 21.98 -18.980534081 0.0098 -0.0235214672273 -0.006984 -0.0132616190863 0.559998 -1.53384129239 -39.859985 -41.6128257015
2015-12-14 5.78 -18.7875564443 0.0175 -0.0234502626038 0.003583 -0.0132562839371 -1.32 -1.56797532037 9.569946 -41.2772610196
2015-12-15 13.6 -18.7276102567 0.0037 -0.0234053297256 0.000906 -0.0132733646636 -0.270004 -1.57358648425 21.470093 -41.1400251393
2015-12-16 0.37 -18.6864038399 0.002 -0.0233790160765 -0.005675 -0.0133993161512 1.230003 -1.57550480094 29.660034 -41.1701908937
2015-12-17 -0.23 -18.7278418817 0.0123 -0.0157944758927 -0.006172 -0.0135289215188 -2.25 -1.64975103603 -31.180053 -41.4984070389
2015-12-18 4.95 -18.7029512443 0.0104 -0.0129193101496 -0.003043 -0.0135359859534 1.540001 -1.65069124833 -36.339966 -42.3848117784
