3.77,3.93,4.08,3.47,3.8,0.0,9050300.0,0.0,20080131
4.32,3.79,4.55,3.77,4.31,0.0,7766800.0,0.0,20080304
4.25,4.31,4.32,3.92,4.24,0.0,8304700.0,0.0,20080403
4.05,4.24,4.24,3.69,4.05,0.0,8380000.0,0.0,20080506
3.44,4.02,4.1,3.28,3.43,24779.0,13004500.0,956382986.0,20080605
2.89,3.46,3.69,2.84,2.84,28419.0,10493600.0,1126900101.0,20080704
3.1,2.88,3.16,2.76,3.1,30384.0,10403000.0,996004546.0,20080805
3.1,3.13,3.25,3.02,3.1,24904.0,7925500.0,797762966.0,20080903
3.19,3.11,3.41,2.89,3.21,35057.0,10327400.0,1052551569.0,20081002
2.82,3.19,3.29,2.35,2.86,49161.0,14943800.0,1396618030.0,20081031
3.04,2.84,3.52,2.79,3.04,41763.0,11973300.0,1201704508.0,20081202
3.15,2.98,3.47,2.9,3.14,31150.0,8076200.0,832597822.0,20090106
3.06,3.15,3.2,2.88,3.06,25916.0,7239200.0,706371661.0,20090204
2.95,3.04,3.21,2.8,2.95,29553.0,7057200.0,687588651.0,20090309
3.57,2.99,3.69,2.99,3.59,33494.0,7759700.0,832207106.0,20090407
3.92,3.57,4.01,3.37,3.93,31561.0,7969200.0,946494417.0,20090511
3.98,3.93,4.15,3.75,3.98,30887.0,8404500.0,1068487868.0,20090609
3.96,4.05,4.08,3.88,3.98,30323.0,6619200.0,841491593.0,20090710
4.29,3.98,4.35,3.93,4.28,34725.0,7946100.0,1054447699.0,20090810
4.4,4.27,4.52,4.19,4.38,26470.0,5264300.0,726275329.0,20090909
5.07,4.36,5.07,4.34,5.01,30530.0,5978100.0,872813055.0,20091008
5.46,5.01,5.46,4.94,5.45,34943.0,7303000.0,1183618748.0,20091110
5.37,5.53,5.72,5.26,5.37,36276.0,8131000.0,1372681298.0,20091210
5.98,5.46,6.06,5.18,6.03,21720.0,5004800.0,865822193.0,20100114
5.73,6.05,6.05,5.34,5.8,27410.0,5953100.0,1042741154.0,20100217
5.56,5.77,5.83,5.41,5.54,23136.0,5070800.0,879092922.0,20100318
5.55,5.54,5.69,5.28,5.54,31967.0,6292400.0,1048931015.0,20100419
5.69,5.53,5.83,5.43,5.69,33794.0,8663800.0,1497840551.0,20100519
6.04,5.68,6.05,5.48,6.02,31497.0,8743200.0,1538403768.0,20100618
6.11,6.05,6.22,5.75,6.13,29653.0,7582600.0,1395611633.0,20100720
6.24,6.17,6.34,5.86,6.24,31271.0,7127800.0,1331329104.0,20100818
6.59,6.19,6.81,6.01,6.58,26008.0,5338900.0,1032993764.0,20100917
7.66,6.6,7.72,6.54,7.62,31727.0,6568300.0,1401900139.0,20101019
8.03,7.65,8.07,7.5,8.02,37518.0,7258100.0,1696300658.0,20101119
8.23,8.07,8.4,7.59,8.26,28405.0,5851300.0,1265181596.0,20101220
7.69,8.28,8.75,7.64,7.67,86543.0,32873500.0,1606162804.0,20110120
7.77,7.75,7.97,7.11,7.77,93183.0,33153800.0,1480983912.0,20110221
7.68,7.7,7.99,7.27,7.68,87390.0,31254500.0,1401693360.0,20110324
8.4,7.7,8.48,7.49,8.44,75172.0,27090800.0,1253629237.0,20110426
8.43,8.45,9.02,8.25,8.39,80717.0,32259300.0,1620597207.0,20110525
8.53,8.4,8.74,8.18,8.53,67854.0,23278500.0,1151140451.0,20110624
8.22,8.57,9.12,8.22,8.22,74875.0,26689300.0,1339281625.0,20110725
9.25,8.2,9.26,7.6,9.21,138176.0,47642100.0,2291148782.0,20110823
9.65,9.19,10.06,8.93,9.63,125728.0,37222200.0,2041369829.0,20110922
10.23,9.65,10.42,9.49,10.23,122349.0,34048700.0,1932282167.0,20111024
10.3,10.19,10.39,9.9,10.25,97689.0,29060800.0,1678326457.0,20111124
11.65,10.21,11.88,10.19,11.66,107858.0,28592200.0,1823845441.0,20111223
11.37,11.68,11.92,10.99,11.38,90075.0,26797300.0,1739059897.0,20120124
12.03,11.31,12.06,10.88,12.03,111704.0,29621000.0,1929767411.0,20120227
14.03,12.03,14.4,11.97,14.02,109845.0,26437900.0,1942228851.0,20120327
14.53,14.03,14.85,12.97,14.56,116068.0,28548200.0,2229092050.0,20120426
13.4,14.53,14.68,13.18,13.37,128025.0,33516200.0,2614271200.0,20120528
13.47,13.5,14.13,12.76,13.48,167022.0,40879800.0,3083038109.0,20120627
14.25,13.44,14.32,13.08,14.18,124654.0,23877500.0,1817000661.0,20120727
13.55,14.23,14.46,13.19,13.55,115084.0,25453500.0,1970435440.0,20120827
13.84,13.48,13.99,13.28,13.83,125414.0,30489700.0,2334806164.0,20120926
14.78,13.84,15.37,13.64,14.78,110956.0,31602600.0,2582371387.0,20121026
15.99,14.78,16.02,14.45,15.93,108387.0,26064700.0,2192937236.0,20121130
15.73,16.09,16.18,15.21,15.71,121854.0,31561700.0,2765364441.0,20130104
16.91,15.64,17.15,15.6,16.9,105396.0,26267800.0,2382434936.0,20130205
16.05,16.94,17.03,15.51,16.12,122080.0,30383100.0,2718473743.0,20130308
14.9,16.11,16.28,14.83,14.91,123295.0,33431900.0,2827614679.0,20130409
15.44,14.95,15.45,13.93,15.45,155689.0,42572500.0,3435808362.0,20130509
14.35,15.44,16.11,14.21,14.35,157356.0,45583800.0,3785219069.0,20130610
15.05,14.21,15.38,13.71,15.08,161661.0,38250400.0,3037702546.0,20130710
15.64,15.23,16.16,14.51,15.64,130048.0,31467800.0,2643109573.0,20130808
14.86,15.65,16.01,14.54,14.86,197089.0,44238300.0,3689582988.0,20130906
15.56,14.83,16.15,14.77,15.56,146288.0,34720500.0,2949567134.0,20131007
15.12,15.57,16.03,14.99,15.1,150820.0,35044200.0,2960433677.0,20131105
15.76,15.14,16.68,15.14,15.73,361054.0,187135400.0,4141668604.0,20131206
16.12,15.77,16.46,15.2,16.11,372727.0,188164300.0,3191570884.0,20140110
15.34,16.09,16.39,14.41,15.34,392224.0,192098300.0,3132678423.0,20140210
15.77,15.43,16.19,14.98,15.76,443241.0,181597900.0,3012262321.0,20140313
16.64,15.77,16.68,15.45,16.66,520935.0,224560100.0,3788957460.0,20140411
15.79,16.66,17.1,15.27,15.79,564766.0,264175900.0,4415564940.0,20140515
15.02,15.84,16.02,14.99,15.01,440057.0,209219400.0,3395206319.0,20140616
15.45,15.02,15.66,14.79,15.45,410364.0,212955500.0,3363511835.0,20140717
15.31,15.6,16.17,14.51,15.34,470387.0,234990400.0,3748831710.0,20140815
15.47,15.44,16.22,14.91,15.44,508730.0,249558300.0,4025671729.0,20140915
15.48,15.49,16.36,14.78,15.49,608223.0,290153500.0,4699892040.0,20141014
16.09,15.34,16.26,14.45,16.11,606020.0,356392700.0,5619161065.0,20141112
15.2,15.99,17.1,15.01,15.23,489305.0,254371600.0,4118957866.0,20141212
16.77,15.29,16.86,14.71,16.76,472843.0,258325900.0,4183434640.0,20150116
18.04,16.67,18.22,16.4,18.05,423302.0,220235800.0,3856365728.0,20150218
18.42,18,18.72,17.28,18.43,426577.0,222961800.0,4068183605.0,20150319
18.59,18.58,18.82,18.49,18.58,27387.0,16627500.0,311097268.0,20150320
