42,35.11,42.0,33.9,41.59,2131.0,5119000.0,194387816.0,20090105
40,42.06,42.47,36.8,39.72,1547.0,3190700.0,126338825.0,20090203
37.5,40.08,43.29,35.73,36.91,1332.0,1999400.0,78963949.0,20090306
44.35,36.4,44.58,36.4,44,1640.0,5877100.0,243889339.0,20090406
51.36,43.8,52.8,43.53,50.85,1971.0,8734900.0,406922889.0,20090508
53.6,50.17,54.85,48.1,53.47,2978.0,7919700.0,405630043.0,20090608
49.05,54.16,54.16,48.18,48.99,4369.0,8743900.0,444392595.0,20090708
56.11,48.74,56.5,46.26,56.07,3545.0,5636600.0,295258429.0,20090807
57.63,55.95,58.25,54.55,57.4,5007.0,7682500.0,433127740.0,20090908
62.4,57.7,62.85,57.11,62.34,6237.0,8575400.0,514305948.0,20091007
65.9,62.85,67.27,59.7,65.82,5157.0,6155600.0,393824807.0,20091109
67.3,65.38,69.21,63.66,67.25,4378.0,5112500.0,340806135.0,20091209
70,68,70.46,65.61,69.5,4378.0,3470200.0,237005076.0,20100113
65.6,70,70.0,60.76,65.26,8384.0,7336600.0,479694566.0,20100212
69.3,66.93,70.05,64.0,68.92,8985.0,5823800.0,392860865.0,20100317
68.84,69.24,71.3,67.3,68.94,10887.0,5621000.0,390932400.0,20100416
60.45,68.33,69.2,60.2,60.41,12588.0,8562600.0,560887967.0,20100518
64.1,59.62,64.59,57.0,63.8,13136.0,7539400.0,460367552.0,20100617
62.8,64.09,65.17,59.49,62.6,7943.0,5956700.0,372469605.0,20100719
67.15,62.68,68.85,62.25,66.73,14263.0,7623870.0,503320432.8,20100817
67.2,67.21,67.6,63.29,66.95,12787.0,6545020.0,429383974.9,20100916
71.1,66.9,71.35,66.3,71.06,19484.0,8746390.0,602084994.7,20101018
70,70.4,72.4,67.88,69.82,19548.0,8829480.0,617184100.0,20101118
67.26,69.5,70.4,66.2,67.1,26063.0,9328050.0,634674707.0,20101217
69.3,67.6,71.1,66.62,69.28,16326.0,6898620.0,476360714.8,20110119
67.5,69.01,69.23,63.24,67.18,21821.0,11413960.0,756502765.1,20110218
66.95,66.94,67.59,64.11,66.98,33218.0,13025060.0,861134010.7,20110323
66.11,67.39,69.27,64.0,66.23,25085.0,10668130.0,714136693.6,20110425
62.6,66.15,66.49,60.88,62.44,23001.0,10591990.0,677098699.6,20110524
60.32,62.4,64.15,59.77,60.57,23322.0,7681300.0,474908431.3,20110622
59.55,60.55,63.0,57.86,59.59,23841.0,8592870.0,517156896.5,20110722
51.75,59.99,59.99,47.11,51.7,59034.0,21948980.0,1156183295.5,20110822
55.02,51.67,57.84,51.16,55.21,74108.0,22477650.0,1238541751.8,20110921
54.6,53.4,54.75,48.75,54.55,70750.0,25334660.0,1325764402.1,20111021
54.31,55,59.09,54.11,54.29,83695.0,26999640.0,1528609254.1,20111123
56.5,54.73,58.73,53.81,56.52,81366.0,23146700.0,1303527795.6,20111222
61.52,56.7,61.77,55.49,61.51,50838.0,16851650.0,994989469.7,20120123
64.89,61.27,65.71,60.75,64.9,76772.0,32821240.0,2095720402.7,20120224
65.78,65.4,67.93,63.91,65.67,58076.0,32494710.0,2133950466.4,20120326
60.94,65.74,65.92,60.01,60.78,69598.0,45992590.0,2863207845.0,20120425
53.7,60.3,62.9,52.18,53.7,123599.0,66041860.0,3741183322.7,20120525
53,54.25,56.86,51.72,53.1,84484.0,54932640.0,2979854294.9,20120626
53.12,52.7,56.0,51.31,53.17,60523.0,29815840.0,1584254969.4,20120726
57.42,53.53,59.23,53.43,57.54,76781.0,38654650.0,2203886220.3,20120824
59.4,57.42,62.32,55.17,59.36,99136.0,33570320.0,1971434576.9,20120925
56.71,59.11,59.9,56.14,56.85,79836.0,35433910.0,2055636045.2,20121025
56.4,57,58.46,54.08,56.66,60247.0,30244940.0,1695132705.8,20121129
61.92,56.69,62.21,55.61,61.9,75442.0,42083070.0,2467490468.8,20130103
58.4,61.89,62.01,57.98,58.43,60739.0,26710280.0,1602906676.5,20130204
57.58,58.85,58.87,54.32,57.63,88671.0,36708850.0,2067911226.0,20130307
53.95,57.41,57.85,52.79,54,75855.0,34329380.0,1889582194.2,20130408
54.7,54.76,55.89,51.35,54.71,103640.0,40348790.0,2166405699.5,20130508
50.56,55,55.94,50.4,50.52,92324.0,32303280.0,1726285387.6,20130607
44.18,50.4,50.8,43.23,44.19,132861.0,61318890.0,2859267065.3,20130708
46.58,44.21,48.69,44.21,46.7,76868.0,42436680.0,1991607904.8,20130807
51.1,46.99,51.49,46.68,51.03,144378.0,51562630.0,2560682496.5,20130905
51.7,51.52,54.74,50.89,51.8,74111.0,28129080.0,1480293791.6,20131004
53.21,50.96,55.5,50.75,53.11,74972.0,31201550.0,1662188337.1,20131104
49.44,53.28,53.29,48.95,49.42,55336.0,26180060.0,1338289358.7,20131205
48.14,49.71,50.78,48.1,48.17,49169.0,25261210.0,1251019545.0,20140109
47.01,48.14,49.29,45.01,46.93,85949.0,31470320.0,1477085811.8,20140207
44.73,46.71,47.74,44.05,44.7,127747.0,31836640.0,1464419248.0,20140312
49.86,44.84,52.09,43.77,49.67,102814.0,42745540.0,2043600118.8,20140410
52.93,49.5,53.09,48.68,52.92,104702.0,47309200.0,2403883162.3,20140514
53.44,52.9,53.99,49.98,53.37,124024.0,33113010.0,1706318006.9,20140613
54.27,53.43,54.86,51.28,54.13,81874.0,27927760.0,1479811113.0,20140716
54.27,54.05,56.92,53.67,54.28,120623.0,30235020.0,1666200923.9,20140814
55.25,54.41,60.68,54.41,55.41,134956.0,26946850.0,1560484236.2,20140912
56.16,55.49,58.61,51.04,56.38,136118.0,48208200.0,2648076263.1,20141013
50.94,56.38,57.28,46.71,50.87,167790.0,62564170.0,3228054340.2,20141111
48.37,50.87,55.75,47.45,48.52,107983.0,43144540.0,2235715555.8,20141211
47,48.17,49.8,44.13,46.89,160308.0,46291580.0,2186267777.5,20150115
49.39,47.24,49.39,45.22,49.32,224249.0,47095580.0,2221853376.2,20150213
50.1,49.93,51.07,46.38,50.04,196550.0,47146880.0,2302461597.6,20150318
52.45,50.1,53.39,48.42,52.4,110679.0,59519170.0,3034999024.1,20150417
53.34,52.46,56.9,52.02,0,81269.0,29473080.0,1598152501.7,20150520
52.22,53.07,53.77,51.06,52.24,136388.0,51032130.0,2655511981.3,20150619
49.93,52.4,52.85,49.67,49.86,101124.0,35564650.0,1826356470.2,20150721
47.78,49.74,49.74,47.2,47.55,14325.0,5879470.0,285230275.8,20150724
