9.3,9.17,10.26,8.92,9.3,249624.0,483786000.0,8385488508.0,20090728
9.27,9.27,10.18,8.9,9.27,104492.0,120728400.0,2088703694.0,20090826
9.79,9.2,10.29,8.66,9.77,130904.0,111264300.0,1867526906.0,20090925
8.67,9.83,10.11,8.66,8.67,98007.0,102490000.0,1788994818.0,20091027
8.87,8.71,9.48,8.34,8.88,93170.0,102175200.0,1666212993.0,20091127
8.38,8.88,9.3,7.32,8.39,159919.0,181994400.0,2715216735.0,20091230
8.27,8.41,8.97,7.88,8.27,71292.0,75745500.0,1157970569.0,20100202
8.14,8.27,8.55,7.51,8.13,89585.0,82738100.0,1186633994.0,20100305
9.19,8.11,9.79,8.03,9.2,100112.0,91789300.0,1475163262.0,20100406
9.32,9.18,9.79,8.79,9.44,103096.0,88938500.0,1473451813.0,20100506
9.03,9.47,10.29,8.19,8.99,115236.0,102254300.0,1651567963.0,20100607
8.71,9.04,9.84,8.19,8.71,86362.0,53297400.0,859420753.0,20100706
9,8.71,9.48,8.58,9.01,103933.0,75270200.0,1190151519.0,20100805
8.49,8.87,9.17,8.3,8.49,86938.0,67491700.0,1042069038.0,20100903
8.97,8.52,9.08,8.52,8.96,120922.0,86985800.0,1299123657.0,20101005
8.42,9.01,9.14,8.24,8.42,132722.0,97401800.0,1428689261.0,20101105
8.87,8.43,9.15,8.41,8.88,90943.0,53423100.0,791818922.0,20101207
7.67,8.81,9.0,7.62,7.68,102169.0,67958500.0,929086996.0,20110107
6.82,7.67,7.83,6.51,6.86,96444.0,87037900.0,1076370598.0,20110208
8.35,6.85,8.49,6.51,8.31,117209.0,91032600.0,1156809494.0,20110311
8.48,8.71,9.08,8.15,8.47,91093.0,64562600.0,896847117.0,20110411
9.7,8.43,10.24,8.18,9.7,126014.0,90531400.0,1221377096.0,20110512
9.8,9.74,9.99,9.22,9.76,100147.0,47649900.0,874766276.0,20110610
9.73,9.83,9.92,9.23,9.7,64010.0,22875900.0,886628319.0,20110712
10.02,9.73,10.98,9.73,10.02,118913.0,39563300.0,1645817786.0,20110810
10.56,10.03,10.75,9.42,10.53,125505.0,40987100.0,1656558989.0,20110909
11.32,10.55,11.34,10.29,11.3,127510.0,36923100.0,1588967310.0,20111010
12,11.25,12.13,10.92,12.02,99723.0,26445100.0,1204066446.0,20111110
11.84,12.13,12.65,11.37,11.85,115682.0,33524100.0,1582651063.0,20111212
12.37,11.96,12.44,11.68,12.34,120477.0,29811500.0,1420774240.0,20120111
13.93,12.35,14.72,12.25,13.92,155850.0,47749500.0,2561157681.0,20120210
15.57,14,16.3,13.69,15.55,122735.0,38217800.0,2293574458.0,20120314
16.68,15.43,17.14,15.17,16.75,75090.0,23358500.0,1451016726.0,20120413
18.1,16.77,18.72,14.83,18.12,131848.0,43065600.0,2475662879.0,20120515
17.35,18.16,18.39,15.66,17.35,160121.0,42839000.0,2338557718.0,20120614
19.03,17.46,19.13,16.06,19.02,128716.0,35631500.0,2065718134.0,20120716
18.56,19.12,19.87,18.29,18.64,135088.0,33101000.0,2033809837.0,20120814
18.34,18.7,19.18,17.67,18.29,123277.0,32862100.0,1967764202.0,20120913
16.21,18.62,19.65,15.62,16.23,204999.0,69143200.0,3706498962.0,20121015
17.4,16.19,17.53,14.17,17.49,168690.0,64798500.0,3215490668.0,20121116
17.47,17.32,18.43,17.02,17.46,125088.0,37333300.0,2054069575.0,20121218
17.58,17.42,18.91,17.12,17.61,118818.0,43108500.0,2421669064.0,20130122
18.73,17.61,19.0,17.2,18.8,161986.0,46935000.0,2649285487.0,20130225
18.82,18.54,19.39,17.89,18.87,148938.0,52894700.0,3083291052.0,20130326
20.56,18.66,21.2,18.57,20.55,126636.0,38176400.0,2364527639.0,20130425
21.21,20.48,22.23,19.84,21.26,161617.0,54978600.0,2969132868.0,20130527
20.69,21.36,22.05,19.75,20.69,156748.0,40197600.0,2149570906.0,20130626
21.46,20.65,22.24,20.65,21.76,116070.0,32928200.0,1831127535.0,20130726
22.96,21.59,23.03,21.27,22.96,137416.0,35690600.0,2011038243.0,20130826
22.77,22.76,23.61,21.38,22.76,149198.0,44261800.0,2553350328.0,20130924
26.19,22.74,26.83,22.35,26.2,140513.0,41755800.0,2651928697.0,20131023
26.42,26.18,27.45,25.66,26.42,125183.0,30755900.0,2048619463.0,20131125
26.06,26.41,27.06,25.23,26.01,108439.0,29382700.0,1933129685.0,20131226
25.14,26.11,27.37,24.91,25.11,120822.0,37047900.0,2461006784.0,20140128
25.5,25.26,26.48,24.66,25.51,143455.0,35120300.0,2261363702.0,20140226
29.26,25.69,29.39,25.15,29.24,140271.0,35317500.0,2411928305.0,20140331
31.76,29.38,32.39,28.73,31.75,206902.0,71080400.0,2652062081.0,20140502
32.87,32.17,33.23,30.66,32.91,192835.0,54994700.0,2166547409.0,20140602
36.3,32.91,37.82,32.77,36.23,197103.0,59124200.0,2625788123.0,20140703
34.77,36.38,38.16,33.06,34.64,233023.0,68537000.0,3005062833.0,20140804
33.5,34.72,35.66,32.41,33.46,256328.0,74492000.0,3126901870.0,20140902
31.85,33.31,34.36,30.63,31.91,271311.0,78604800.0,3141850923.0,20141001
32.11,31.81,34.43,28.86,32.11,344498.0,118060700.0,4545991918.0,20141030
34.62,32.4,36.73,30.81,34.59,242738.0,102445800.0,4229561741.0,20141201
31.56,34.94,36.04,31.45,31.55,232812.0,65459600.0,2674161438.0,20150105
33.37,31.76,33.54,30.13,33.23,295745.0,83494800.0,3244423162.0,20150203
36.26,33.36,37.03,32.98,36.22,284902.0,72660100.0,3112146294.0,20150306
38.75,36.06,39.5,35.26,38.81,149229.0,48955600.0,2209355009.0,20150320
