4.92,5.75,6.1,4.81,4.9,0.0,43880600.0,0.0,20080131
5.96,5.01,6.03,4.81,5.94,0.0,42275200.0,0.0,20080304
6,6.03,6.07,5.09,5.97,0.0,39284500.0,0.0,20080403
6.77,6.05,6.93,5.52,6.8,0.0,33600700.0,0.0,20080506
7.47,6.8,7.57,6.46,7.49,34428.0,36026700.0,925108230.0,20080605
7.04,7.52,7.55,6.8,6.99,35316.0,30812400.0,1190621604.0,20080704
7.1,7.09,7.97,6.8,7.1,60697.0,38975300.0,1520521546.0,20080805
6.36,7.15,7.15,6.35,6.36,49815.0,31191600.0,1112221387.0,20080903
7.1,6.4,7.38,5.42,7.11,76099.0,44183100.0,1470621564.0,20081002
6.22,7.19,7.4,5.23,6.2,91341.0,43113000.0,1412788748.0,20081031
6.97,6.28,7.31,5.89,6.99,70226.0,35525900.0,1268559768.0,20081202
5.93,6.89,7.1,5.7,5.91,82584.0,38868300.0,1293012022.0,20090106
5.84,5.95,6.4,5.81,5.9,56907.0,24847400.0,797030919.0,20090204
6.1,5.89,6.34,5.79,6.1,73726.0,24207200.0,776441394.0,20090309
6.54,6.13,6.99,5.9,6.55,71433.0,28371100.0,958571702.0,20090407
6.43,6.58,6.86,6.13,6.42,94950.0,47332300.0,1452484885.0,20090511
6.77,6.49,7.04,6.22,6.77,88483.0,48408400.0,1280008847.0,20090609
6.47,6.81,7.2,6.36,6.47,100462.0,37965000.0,1018752017.0,20090710
7,6.49,7.16,6.35,6.99,90023.0,42392600.0,1127088036.0,20090810
6.91,6.99,7.1,6.62,6.91,64154.0,28907900.0,789902781.0,20090909
6.74,6.91,7.0,6.55,6.74,77994.0,35439800.0,961148121.0,20091008
7.1,6.73,7.31,6.71,7.13,86664.0,33590900.0,942335038.0,20091110
8.54,7.21,8.63,6.94,8.55,70393.0,33104100.0,1027844611.0,20091210
7.59,8.58,8.58,7.44,7.56,70818.0,32889000.0,1035262147.0,20100114
7.66,7.56,7.94,7.06,7.65,72379.0,34785700.0,1049280561.0,20100217
7.44,7.67,7.7,7.16,7.44,58632.0,24106100.0,723584251.0,20100318
7.4,7.43,7.53,7.2,7.39,57809.0,27928200.0,827218316.0,20100419
7.83,7.47,8.21,7.37,7.83,78905.0,36463600.0,1042069060.0,20100519
7.39,7.83,7.83,6.89,7.37,83141.0,35875900.0,907964977.0,20100618
7.22,7.4,7.74,7.16,7.22,61768.0,26215000.0,678141587.0,20100720
7.4,7.22,7.68,7.1,7.36,62257.0,24529800.0,633470813.0,20100818
7.91,7.35,8.35,7.22,7.91,88324.0,44672900.0,1217959301.0,20100917
8.49,7.92,8.62,7.51,8.49,81717.0,39401000.0,1102478207.0,20101019
8.49,8.49,8.78,8.11,8.49,61473.0,26397000.0,774976531.0,20101119
8.25,8.4,8.62,7.92,8.25,72921.0,27166000.0,776514456.0,20101220
8.48,8.3,9.02,7.97,8.49,61269.0,26363300.0,737201851.0,20110120
8.33,8.49,8.54,7.78,8.36,69413.0,25472900.0,688315446.0,20110221
9.02,8.26,9.04,8.01,9.02,82722.0,28769500.0,819662265.0,20110324
9.38,9.02,9.98,8.89,9.38,83847.0,32209000.0,1007278814.0,20110426
9.79,9.41,10.18,9.36,9.79,75619.0,26317600.0,815022937.0,20110525
9.96,9.83,10.05,9.28,9.9,71867.0,27878700.0,845259033.0,20110624
9.77,10.05,10.24,9.67,9.79,67720.0,25880400.0,805731749.0,20110725
8.75,9.79,9.83,8.44,8.75,104032.0,35857600.0,1010447794.0,20110823
9.04,8.75,9.55,8.61,9.04,104168.0,34495600.0,990507652.0,20110922
8.76,9.03,9.17,8.13,8.75,111998.0,39262200.0,1052116486.0,20111024
9.33,8.67,9.68,8.39,9.33,103724.0,34523100.0,987862200.0,20111124
11.01,9.21,11.13,9.21,11.01,103225.0,35067900.0,1084038962.0,20111223
11.34,11.06,11.47,10.55,11.28,96008.0,25438000.0,844661693.0,20120124
12.83,11.31,13.19,11.24,12.83,107361.0,41052800.0,1494694952.0,20120227
14.63,12.83,14.87,12.81,14.63,102802.0,30038500.0,1239901506.0,20120327
16.22,14.97,16.46,14.42,16.22,100699.0,32964100.0,1518204128.0,20120427
14.87,16.01,16.7,14.46,14.86,130410.0,41931800.0,1488736533.0,20120529
16.23,14.78,16.33,14.63,16.21,105952.0,31834500.0,1143024821.0,20120628
17.26,16.29,17.26,15.94,17.26,108655.0,30034200.0,1147393796.0,20120730
16.55,17.26,17.48,15.79,16.55,106716.0,28128100.0,1102025900.0,20120828
10.84,16.62,16.62,10.5,10.85,270911.0,123443200.0,3525647401.0,20120927
10.64,10.8,11.73,9.94,10.64,187367.0,85400100.0,2123332138.0,20121029
11.25,10.65,11.33,9.68,11.31,201551.0,89083900.0,2141732692.0,20121130
11.05,11.33,11.79,10.25,11.05,207398.0,102059300.0,2481934211.0,20130104
11.11,11.11,12.0,10.36,11.05,196084.0,77546300.0,1709115551.0,20130205
12.83,11.1,13.01,10.91,12.78,185512.0,70495500.0,1637083937.0,20130308
11.9,12.8,13.13,11.21,11.9,209456.0,109252600.0,2554010048.0,20130409
12.87,11.97,13.26,11.79,12.86,194092.0,78744800.0,1840348645.0,20130509
12.49,12.85,14.13,12.34,12.52,212068.0,77134400.0,1710700130.0,20130610
12.21,12.44,12.52,11.08,12.18,249321.0,84597600.0,1666046277.0,20130710
12.43,12.33,13.22,11.76,12.39,174208.0,59263300.0,1232255637.0,20130808
11.38,12.46,12.8,10.91,11.36,206906.0,67812800.0,1314738293.0,20130906
11.75,11.43,11.97,10.78,11.75,192922.0,72854500.0,1382640394.0,20131007
11.82,11.74,12.26,11.68,11.8,144539.0,50067500.0,993382925.0,20131105
11.7,11.9,12.0,11.2,11.7,167260.0,63438700.0,1213312037.0,20131206
11.05,11.76,11.92,10.69,11.01,193719.0,91512000.0,1477366953.0,20140110
10.72,11.08,11.36,10.47,10.68,223445.0,88950100.0,1199879767.0,20140210
11.11,10.75,11.24,10.07,11.11,287637.0,119422200.0,1574544041.0,20140313
12.89,11.23,13.21,10.3,12.9,290352.0,126082300.0,1857497080.0,20140411
13.53,12.97,14.66,12.55,13.57,251717.0,117717400.0,1911253002.0,20140515
15.12,13.8,15.22,13.26,15.04,192056.0,71066000.0,1172435758.0,20140616
16.81,15.1,17.05,14.55,16.88,176030.0,59671100.0,1046159383.0,20140717
17.98,17.24,18.48,17.02,18.01,201918.0,64437000.0,1238697748.0,20140815
15.83,18.16,18.53,15.38,15.81,223896.0,89303200.0,1658081617.0,20140915
15.72,15.24,16.05,12.84,15.58,331442.0,144984500.0,2277091862.0,20141014
13.42,15.19,15.63,11.87,13.4,282122.0,101373400.0,1476312613.0,20141112
12.75,13.34,14.23,11.96,12.74,262453.0,98452600.0,1298782321.0,20141212
12.35,12.75,13.82,11.34,12.27,251566.0,84949300.0,1054488976.0,20150116
12.36,12.43,12.77,10.95,12.33,203716.0,73992000.0,871580680.0,20150218
11.85,12.35,13.14,11.41,11.85,200064.0,65910100.0,800971316.0,20150319
14.22,12.04,14.59,11.86,14.25,218194.0,71062100.0,958881225.0,20150420
14.46,14.3,16.08,14.0,14.46,214501.0,79082200.0,1194599977.0,20150521
13.59,14.45,15.01,12.72,13.59,246864.0,79638400.0,1109770869.0,20150622
10,13.64,13.86,9.85,10,241442.0,97510500.0,1117402213.0,20150722
9.06,10,10.13,8.97,9.07,21222.0,11749500.0,111336106.0,20150724
