17.52,18.9,19.65,16.58,17.52,21184.0,24848000.0,482100653.0,20080131
16.8,17.67,18.9,16.77,16.85,18272.0,21924400.0,421706491.0,20080304
16.02,17.1,17.11,14.98,15.99,22410.0,21928700.0,387667627.0,20080403
16.09,16.07,17.34,15.73,16.08,22985.0,19240900.0,338877964.0,20080506
12.98,16.3,16.3,12.89,12.9,34120.0,33037400.0,519842495.0,20080605
8.95,13.07,13.07,8.72,8.93,34832.0,44641700.0,527512342.0,20080704
11.05,9.05,11.71,8.99,11.15,39037.0,39796400.0,459527743.0,20080805
13.27,11.25,13.5,10.42,13.36,28149.0,24244700.0,317498801.0,20080903
11.7,13.34,13.6,11.14,11.69,39476.0,33216600.0,451297534.0,20081002
10.36,11.99,12.36,7.97,10.22,40300.0,33386000.0,354312656.0,20081031
8.25,10.36,10.69,6.93,8.16,35639.0,24883300.0,224353681.0,20081202
9.42,8.28,9.78,7.76,9.42,31426.0,24532200.0,238567502.0,20090106
8.06,9.36,9.7,7.77,8.11,29674.0,19667300.0,189366956.0,20090204
5.31,8.09,8.72,5.11,5.37,47126.0,34467600.0,246070979.0,20090309
7.6,5.46,8.0,5.46,7.64,47919.0,34108000.0,254481776.0,20090407
9.16,7.76,9.96,7.76,9.15,52213.0,47134600.0,444767864.0,20090511
7.93,9.23,9.28,7.83,7.93,50908.0,37701500.0,348353840.0,20090609
6.95,7.97,8.06,6.92,6.95,46696.0,39084200.0,317772924.0,20090710
10.02,7.06,10.08,6.83,10.07,76298.0,71859400.0,649813371.0,20090810
9.62,10.1,10.34,8.97,9.59,67155.0,53627400.0,550858991.0,20090909
9.28,9.62,10.39,8.95,9.28,73114.0,66550300.0,694999102.0,20091008
8.26,9.28,9.6,7.84,8.26,88373.0,95927300.0,916099876.0,20091110
8.16,8.37,8.42,7.84,8.14,50336.0,61142500.0,539209248.0,20091210
9.19,8.35,9.38,8.35,9.21,56254.0,74607300.0,712315702.0,20100114
9.45,9.1,9.65,8.83,9.46,42679.0,52893600.0,518770262.0,20100217
9.68,9.36,9.85,9.19,9.75,33257.0,30880400.0,311601908.0,20100318
9.61,9.76,10.44,9.42,9.58,41473.0,40301300.0,425991740.0,20100419
9.53,9.66,9.97,9.22,9.57,54254.0,38391700.0,387111309.0,20100519
9.29,9.47,9.71,8.82,9.28,40280.0,29681200.0,288315970.0,20100618
9.73,9.43,9.73,8.68,9.73,31207.0,28816900.0,275955996.0,20100720
11.2,9.75,11.38,9.56,11.1,51566.0,41317300.0,460292148.0,20100818
11.21,11.13,11.4,9.68,11.21,44571.0,27757200.0,308848181.0,20100917
10.91,11.21,11.85,10.53,10.87,62851.0,39416700.0,464232295.0,20101019
11.92,10.95,12.42,10.94,11.92,39607.0,26613800.0,324700258.0,20101119
11.59,12.01,12.21,11.4,11.63,45930.0,28299600.0,348890772.0,20101220
13.29,11.79,13.86,11.43,13.23,53146.0,37489400.0,467462677.0,20110120
13.72,13.22,14.11,12.73,13.82,57165.0,32433800.0,446403925.0,20110221
13.7,13.74,13.94,12.68,13.7,51903.0,32175700.0,440408322.0,20110324
12.24,13.44,13.56,11.9,12.22,52781.0,30649000.0,400484186.0,20110426
12.13,12.26,13.36,11.73,12.13,46726.0,28774800.0,370688024.0,20110525
11.63,12.31,12.61,11.49,11.63,46103.0,36443600.0,449088637.0,20110624
10.75,11.68,11.83,10.59,10.79,40119.0,28773000.0,335684843.0,20110725
9.12,10.85,11.34,8.05,9.1,69201.0,45703300.0,451738388.0,20110823
11.04,9.32,11.87,8.69,11.05,59443.0,38226100.0,404729374.0,20110922
12.23,11.05,12.29,10.61,12.18,73615.0,36805500.0,429695363.0,20111024
10.63,12.15,12.34,10.18,10.74,66200.0,37494100.0,433854851.0,20111124
11.15,10.53,11.45,10.48,11.08,60688.0,27572500.0,308365562.0,20111223
11.69,11.08,12.06,10.81,11.67,45980.0,24087700.0,285209987.0,20120124
12.5,11.7,13.04,11.38,12.5,75662.0,40919800.0,508989530.0,20120227
14.07,12.48,14.31,12.03,14.07,75695.0,39225300.0,526014784.0,20120327
15.67,14.13,16.49,13.75,15.66,83459.0,47968200.0,744275453.0,20120426
14.23,15.68,16.23,13.86,14.47,95222.0,42569300.0,660111691.0,20120528
12.93,14.58,14.58,12.59,12.93,77747.0,37231600.0,510014281.0,20120627
12.77,13.01,14.02,11.31,12.82,103222.0,54244100.0,691563504.0,20120727
13.57,12.72,13.78,11.97,13.51,94059.0,41810300.0,549329192.0,20120827
13.27,13.5,14.6,12.94,13.25,81167.0,35019200.0,482625719.0,20120926
14.08,13.36,14.71,12.56,14.08,109631.0,56859400.0,786911178.0,20121026
13.11,13.92,14.5,12.86,13.1,88234.0,46949500.0,650460701.0,20121130
14.2,13.2,14.76,12.45,14.22,108899.0,41256900.0,565762451.0,20130104
16.46,14.17,16.74,13.42,16.48,103703.0,44569200.0,676610844.0,20130205
16.83,16.59,17.29,15.62,16.89,95511.0,38868700.0,637716750.0,20130308
17.31,16.94,17.66,16.08,17.39,106155.0,40456200.0,701654180.0,20130409
17.72,17.39,17.88,15.38,17.77,131979.0,62376000.0,1066293216.0,20130509
18.83,17.77,19.36,17.16,18.87,123701.0,54616800.0,1037248336.0,20130610
20.37,18.77,20.76,18.01,20.43,157818.0,66776000.0,1353840855.0,20130710
18.58,20.56,21.31,18.02,18.64,137019.0,60829700.0,1236503308.0,20130808
19.18,18.72,19.92,17.74,19.18,146676.0,54198400.0,1050493965.0,20130906
18.22,19.05,20.25,17.28,18.27,155169.0,62285900.0,1172417235.0,20131007
16.69,18.35,18.7,15.3,16.75,183216.0,70059700.0,1232471851.0,20131105
17.09,16.7,18.0,16.0,17.07,138460.0,45543500.0,804958017.0,20131206
18.72,17.09,19.18,16.8,18.69,151159.0,54624600.0,1023306676.0,20140110
18.74,18.83,20.16,17.79,18.78,135439.0,52269300.0,1005189641.0,20140210
19.28,18.79,20.95,18.31,19.24,142270.0,42008100.0,851161863.0,20140313
19.03,19.28,20.22,18.61,18.97,141945.0,37117100.0,735490629.0,20140411
18.47,18.99,19.49,18.21,18.5,132779.0,41322400.0,791331650.0,20140515
20.21,18.55,20.98,18.27,20.11,126939.0,40181800.0,806208889.0,20140616
21.51,20.25,22.21,19.37,21.58,107366.0,29776200.0,625280936.0,20140717
21.71,22.13,22.18,20.74,21.69,116495.0,37038200.0,804323284.0,20140815
23.12,21.83,23.27,21.08,23.21,126921.0,39033600.0,871484426.0,20140915
21.53,23.13,24.22,20.78,21.55,185498.0,60320200.0,1397349647.0,20141014
23.96,21.78,24.46,20.37,23.94,221650.0,68179500.0,1560979255.0,20141112
23.29,24.18,24.61,21.95,23.23,149815.0,41775300.0,982881392.0,20141212
21.26,23.67,25.47,21.07,21.18,146148.0,48463200.0,1136355389.0,20150116
25.69,21.26,26.18,20.97,25.59,139258.0,47143800.0,1128942074.0,20150218
25.65,25.63,26.45,22.09,25.55,209728.0,68961100.0,1725684186.0,20150319
25.55,25.76,26.01,25.23,25.56,8936.0,2835500.0,72648731.0,20150320
