17.66,19.96,20.16,16.09,17.56,83795.0,70063700.0,2864750115.67,20080131
18.57,17.44,19.83,15.64,18.57,93195.0,79125800.0,3222406766.84,20080304
18.14,18.66,19.4,16.9,18.14,79057.0,81330400.0,3336642408.0,20080403
20.96,18.21,23.02,17.35,20.96,73219.0,59253700.0,2644231211.0,20080506
21.18,21.06,22.16,19.96,21.13,90684.0,63412300.0,2882479134.0,20080605
17.08,21.06,21.2,16.87,17.09,86783.0,89852700.0,3091900063.0,20080704
18.16,17.56,19.1,16.38,18.17,105370.0,110078100.0,3596911310.0,20080805
16.95,18.35,18.63,16.43,16.94,79764.0,64260600.0,2038834151.0,20080903
16.46,17.16,17.77,14.87,16.46,121323.0,108579100.0,3272965678.0,20081002
12.83,16.85,16.91,9.2,12.86,210543.0,170128000.0,4006157731.0,20081031
14.79,14.83,16.43,11.12,14.86,166770.0,113207000.0,2897236088.0,20081202
16.6,14.5,16.87,13.96,16.56,126134.0,82559900.0,2355508477.0,20090106
12.83,16.28,16.47,12.21,12.94,151945.0,110101900.0,2670960894.0,20090204
12.11,12.86,14.64,11.23,12.16,147897.0,114910100.0,2693464091.0,20090309
15.82,12.45,16.0,12.29,15.76,175679.0,131825200.0,3393885978.0,20090407
16.51,15.86,18.61,14.99,16.51,206508.0,163591700.0,4794547862.0,20090511
17.56,16.74,18.46,15.67,17.51,159542.0,133399200.0,4096582964.0,20090609
16.63,17.76,17.94,16.36,16.72,155653.0,111094900.0,3405679056.0,20090710
20.18,16.89,20.19,16.45,20.16,182779.0,112218300.0,3720181103.0,20090810
20,19.79,20.2,18.03,20,180666.0,108658900.0,3645401942.0,20090909
22.09,19.88,23.11,19.82,22.07,192679.0,130686100.0,4541089950.0,20091008
23.43,21.94,23.54,20.33,23.4,192902.0,130966300.0,4700452973.0,20091110
24.87,23.56,25.06,22.73,24.87,140220.0,96810800.0,3732449621.0,20091210
23.72,25.05,25.24,23.26,23.69,138614.0,91118400.0,3554067666.0,20100114
23.57,23.57,23.85,21.05,23.58,164255.0,117373700.0,4263099149.0,20100217
23.43,23.45,24.27,21.94,23.46,135413.0,85189000.0,3162127388.0,20100318
23.93,23.58,25.39,22.96,23.9,143375.0,91649000.0,3532797315.0,20100419
21.17,23.92,24.24,20.55,21.09,192438.0,115564100.0,4205336561.0,20100519
22.28,20.55,22.4,19.53,22.31,223599.0,142279200.0,4761046833.0,20100618
23.53,22.41,23.98,20.44,23.46,213851.0,123200600.0,4347953153.0,20100720
24.24,23.7,25.26,23.25,24.3,182972.0,106633600.0,4091807646.0,20100818
24.67,24.11,25.03,22.7,24.67,164878.0,104025000.0,3909771675.0,20100917
26.94,24.7,27.54,24.29,26.92,216804.0,125201100.0,5081990743.0,20101019
26.68,26.93,27.9,25.96,26.74,218784.0,114492000.0,4824451736.0,20101119
23.65,26.67,26.73,23.65,23.92,240956.0,125776900.0,4937365382.0,20101220
23.84,24.13,26.09,23.75,23.82,194340.0,118049000.0,4606266645.0,20110120
24.07,23.94,24.67,21.94,24.06,263053.0,144083700.0,5227859383.0,20110221
23.94,23.95,24.24,22.44,23.92,284424.0,155039100.0,5610942249.0,20110324
24.77,24.02,25.64,23.34,24.71,224348.0,125926900.0,4741520431.0,20110426
22.55,24.79,24.87,22.09,22.55,272589.0,155399200.0,5600271539.0,20110525
22.7,22.75,23.55,22.49,22.72,242773.0,127763900.0,4515898792.0,20110624
20.94,22.82,23.98,20.16,20.94,277295.0,164606700.0,5535530838.0,20110725
17.48,20.88,20.88,16.36,17.5,452151.0,281805500.0,7916032035.0,20110823
18.34,17.34,20.46,16.83,18.32,369885.0,222071100.0,6340155985.0,20110922
21.66,18.34,21.87,17.81,21.66,385872.0,217846300.0,6510691500.0,20111024
19.51,21.42,22.53,19.12,19.46,306576.0,173725000.0,5527105504.0,20111124
22.87,19.27,23.06,19.18,22.91,346624.0,186865400.0,6196386610.0,20111223
23.79,22.91,24.87,22.2,23.81,294168.0,131623100.0,4673819789.0,20120124
23.68,24.09,25.0,23.08,23.68,317107.0,168607900.0,6089667074.0,20120227
24.79,23.76,26.24,23.7,24.89,272914.0,153722600.0,5756452364.0,20120327
19.84,24.77,24.86,19.53,19.87,390788.0,231203600.0,7425059543.0,20120426
19.21,20.13,20.35,18.02,19.21,425915.0,246626400.0,7052765565.0,20120528
18.56,19.27,20.7,18.15,18.56,362639.0,195178700.0,5621999759.0,20120627
21.91,18.35,22.16,18.16,21.86,379121.0,185591000.0,5464147442.0,20120727
22.86,21.86,23.86,21.3,22.84,358062.0,173883900.0,5822578772.0,20120827
21.71,22.82,24.27,21.19,21.68,412140.0,211482100.0,6981547597.0,20120926
20.26,21.85,21.95,19.21,20.26,375511.0,197596600.0,5934572577.0,20121026
22.09,20.14,22.22,19.86,22.04,328831.0,161813100.0,4980710592.0,20121130
24.34,22.11,24.67,21.98,24.34,393924.0,188436300.0,6286027393.0,20130104
23.53,24.15,25.03,22.85,23.53,338239.0,175940700.0,6150053385.0,20130205
25.75,23.53,25.83,22.71,25.7,385467.0,194107200.0,6743213517.0,20130308
24.07,25.59,25.86,23.0,24.1,411357.0,173063200.0,6098970804.0,20130409
24.49,24.24,24.86,22.46,24.43,406888.0,185165400.0,6249730169.0,20130509
24.08,24.32,25.7,23.55,23.93,458210.0,214920300.0,7086582792.0,20130610
20.78,23.7,23.76,19.89,20.71,629160.0,317915300.0,9019473203.0,20130710
22.68,21.03,23.36,20.82,22.73,466980.0,219932000.0,6330943543.0,20130808
23.32,22.82,23.79,21.68,23.31,516469.0,248975200.0,7300051287.0,20130906
24.48,23.46,25.48,23.41,24.54,464688.0,210888300.0,6641699645.0,20131007
26.28,24.66,26.98,24.18,26.23,437282.0,203189600.0,6765973371.0,20131105
24.57,26.36,26.51,24.06,24.58,452209.0,215465900.0,7001474594.0,20131206
24.22,24.63,25.09,23.76,24.21,340924.0,207132700.0,6502297084.0,20140110
24.97,24.21,25.29,22.65,24.94,512651.0,269057200.0,8211961336.0,20140210
23.97,25.07,25.37,23.87,23.97,465349.0,186507200.0,5796715910.0,20140313
28.24,23.97,28.94,23.2,28.16,581734.0,253245400.0,8394698105.0,20140411
29.67,28.24,30.26,26.8,29.7,463608.0,206120000.0,7521922250.0,20140515
29.91,29.73,30.43,27.45,29.9,447765.0,216280100.0,7580359301.0,20140616
29.31,29.82,30.28,27.53,29.31,358528.0,169689800.0,5590507542.0,20140717
31.7,30.59,32.34,30.27,31.72,479200.0,215838600.0,7647617842.0,20140815
33.72,32.11,36.93,31.66,33.71,543243.0,251633100.0,9788680647.0,20140915
33.82,33.84,35.54,28.94,34,695405.0,349808700.0,12779977474.0,20141014
32.17,33.11,33.7,26.91,32.17,745024.0,386614100.0,13422895055.0,20141112
30,32.57,36.22,29.97,30.05,513189.0,242697600.0,8996361416.0,20141212
30.55,30.28,32.43,28.41,30.47,528198.0,257731200.0,8842659079.0,20150116
32.49,30.3,33.01,28.84,32.47,594512.0,279558800.0,9599883645.0,20150218
32.46,32.3,34.12,29.67,32.46,665465.0,294885800.0,10303787367.0,20150319
32.53,32.71,33.13,32.53,32.59,28927.0,15490200.0,558533942.0,20150320
