3.84,3.93,4.0,3.83,3.87,0.0,1627500.0,0.0,20080108
3.81,3.86,4.08,3.79,3.8,0.0,1804300.0,0.0,20080115
3.67,3.72,3.86,3.47,3.66,0.0,2552900.0,0.0,20080122
3.87,3.65,3.9,3.55,3.85,0.0,2466700.0,0.0,20080130
3.98,3.86,4.05,3.73,3.94,0.0,1945200.0,0.0,20080208
4.01,3.96,4.28,3.94,3.99,0.0,2085600.0,0.0,20080215
4.13,4.03,4.15,4.0,4.14,0.0,967100.0,0.0,20080222
4.23,4.11,4.55,4.11,4.27,0.0,2641300.0,0.0,20080229
3.97,4.27,4.36,3.97,3.99,0.0,2044600.0,0.0,20080307
4.11,3.99,4.16,3.92,4.1,0.0,1716100.0,0.0,20080314
4.16,3.99,4.29,3.95,4.16,0.0,2183300.0,0.0,20080324
4.03,4.28,4.28,3.95,4.01,0.0,1844600.0,0.0,20080331
4.11,4.04,4.26,4.04,4.08,0.0,1798900.0,0.0,20080407
4,4.08,4.15,3.96,4,0.0,1473600.0,0.0,20080414
3.86,4.02,4.15,3.84,3.85,0.0,1666500.0,0.0,20080422
3.73,3.88,3.9,3.69,3.72,0.0,1878700.0,0.0,20080429
3.96,3.77,4.13,3.69,3.97,0.0,3298700.0,0.0,20080507
3.98,3.88,4.0,3.85,3.99,0.0,3108000.0,0.0,20080514
3.79,3.99,4.03,3.77,3.79,4827.0,3175700.0,246404425.0,20080521
3.51,3.79,3.82,3.49,3.51,10103.0,3213100.0,376612530.0,20080529
3.44,3.57,3.58,3.28,3.43,9849.0,3013900.0,333366031.0,20080605
3.55,3.46,3.69,3.23,3.57,10532.0,4277700.0,478081792.0,20080612
3.38,3.59,3.62,3.24,3.35,7157.0,2380600.0,260331850.0,20080619
3.13,3.32,3.39,3.13,3.14,4751.0,1709200.0,179577478.0,20080626
2.88,3.15,3.21,2.86,2.88,5472.0,1937000.0,191265110.0,20080703
2.97,2.88,3.02,2.84,2.94,6320.0,2257500.0,214023338.0,20080711
2.95,3.1,3.16,2.89,2.95,9683.0,3545700.0,350215358.0,20080718
2.82,2.95,3.01,2.82,2.82,5981.0,1781200.0,167763147.0,20080725
2.82,2.88,2.91,2.76,2.82,5105.0,1604700.0,146487274.0,20080801
3.16,2.82,3.22,2.81,3.17,8717.0,2855800.0,283608043.0,20080808
3.1,3.17,3.25,3.06,3.1,7399.0,2487300.0,250416731.0,20080815
3.14,3.13,3.16,3.02,3.14,4643.0,1750700.0,173880535.0,20080822
3.11,3.13,3.18,3.07,3.11,5137.0,1527600.0,153686285.0,20080829
3.12,3.1,3.23,3.06,3.1,7000.0,1858900.0,187767199.0,20080905
3.23,3.16,3.41,3.1,3.25,10413.0,2774900.0,290286217.0,20080912
3.27,3.13,3.29,2.89,3.29,9870.0,3249300.0,321650320.0,20080919
3.19,3.27,3.32,3.09,3.19,5290.0,1546200.0,160168360.0,20080926
3.13,3.16,3.34,2.95,3.16,6926.0,2112200.0,216165960.0,20081003
2.77,3.06,3.19,2.35,2.75,12135.0,4405200.0,401098902.0,20081010
2.99,2.98,3.16,2.61,3,13030.0,4278700.0,407969036.0,20081017
2.71,3.02,3.29,2.54,2.7,10563.0,2854700.0,268102731.0,20081024
2.82,2.68,3.13,2.55,2.86,11801.0,2898200.0,267291546.0,20081031
3.12,2.84,3.16,2.79,3.13,9093.0,2650100.0,251175500.0,20081107
3.33,3.17,3.52,2.94,3.3,11329.0,3127600.0,322640601.0,20081114
3.19,3.25,3.39,3.08,3.23,10039.0,2879400.0,302265973.0,20081124
2.89,3.28,3.3,2.89,2.89,9458.0,2887200.0,284621880.0,20081201
3.22,2.95,3.27,2.9,3.22,9615.0,2352200.0,229862290.0,20081208
3.29,3.25,3.41,3.16,3.31,6694.0,1733900.0,184126887.0,20081215
3.14,3.36,3.47,3.11,3.14,9876.0,2382900.0,252646909.0,20081222
3.28,3.13,3.31,3.04,3.29,4457.0,1433600.0,144886939.0,20090102
3.1,3.2,3.31,3.09,3.1,6051.0,2061000.0,209759217.0,20090109
3.07,3.1,3.16,3.02,3.09,7033.0,1934300.0,191161298.0,20090116
2.97,3.11,3.11,2.88,2.98,5752.0,1247800.0,118452201.0,20090123
2.95,2.98,3.03,2.92,2.97,5659.0,1603100.0,152140830.0,20090130
3.16,2.95,3.16,2.91,3.16,6938.0,1692100.0,166333052.0,20090206
3.1,3.15,3.21,3.08,3.1,6545.0,1730200.0,174517736.0,20090213
3.06,3.11,3.17,3.03,3.06,5712.0,1377800.0,136022825.0,20090220
2.81,3.02,3.14,2.8,2.82,8599.0,1967000.0,186462466.0,20090303
3.07,2.89,3.1,2.84,3.07,7211.0,1833600.0,175034291.0,20090310
3.16,3.1,3.18,3.04,3.16,7485.0,1697900.0,170251349.0,20090317
3.41,3.16,3.43,3.13,3.41,9649.0,2086400.0,220215914.0,20090324
3.41,3.42,3.51,3.38,3.41,7544.0,1591100.0,175905141.0,20090331
3.57,3.39,3.69,3.38,3.59,7137.0,1836400.0,211986449.0,20090407
3.54,3.57,3.59,3.37,3.54,8970.0,2348600.0,263335148.0,20090415
3.69,3.55,3.72,3.5,3.7,6475.0,1545000.0,178722608.0,20090423
3.87,3.69,3.94,3.6,3.87,7027.0,1549000.0,186701547.0,20090430
3.95,3.89,4.01,3.86,3.96,7838.0,2186500.0,275107207.0,20090508
3.79,3.9,3.95,3.75,3.79,6470.0,1715900.0,210660141.0,20090515
3.98,3.87,4.01,3.83,3.97,7823.0,2110900.0,267456869.0,20090522
4.03,3.94,4.15,3.9,4.03,7394.0,2198800.0,283062654.0,20090529
3.98,4.04,4.15,3.93,3.98,8246.0,2187100.0,282103631.0,20090605
3.95,3.99,4.05,3.93,3.95,6680.0,1787700.0,228114540.0,20090615
3.93,3.98,4.08,3.91,3.97,7117.0,1568500.0,200626748.0,20090622
3.95,3.99,4.08,3.89,3.95,7074.0,1400200.0,177928244.0,20090629
3.97,3.97,4.02,3.88,4,5967.0,1194400.0,150447201.0,20090706
4,4.02,4.04,3.93,3.98,8644.0,1928700.0,244152076.0,20090714
4.23,4.02,4.29,3.99,4.23,9461.0,1814800.0,240744208.0,20090721
4.2,4.2,4.29,4.08,4.2,8941.0,2585600.0,343051765.0,20090728
4.3,4.17,4.35,4.13,4.33,7645.0,1611100.0,215661192.0,20090804
4.22,4.3,4.33,4.19,4.22,7030.0,1433700.0,193495542.0,20090811
4.28,4.23,4.4,4.21,4.29,7427.0,1555500.0,212052550.0,20090818
4.45,4.27,4.52,4.26,4.46,5967.0,1228500.0,171255247.0,20090825
4.35,4.44,4.51,4.33,4.33,5659.0,1076600.0,150954167.0,20090901
4.4,4.34,4.41,4.27,4.38,6111.0,1176200.0,161563621.0,20090909
4.59,4.36,4.62,4.34,4.58,7488.0,1421500.0,199735417.0,20090916
4.63,4.58,4.73,4.54,4.62,6989.0,1542700.0,222772249.0,20090923
4.65,4.66,4.67,4.53,4.6,5695.0,1081700.0,155583037.0,20090930
5.06,4.66,5.06,4.59,4.95,9014.0,1648700.0,250176002.0,20091007
5.17,5.04,5.19,4.99,5.15,6608.0,1236600.0,196971468.0,20091015
5.25,5.15,5.3,5.1,5.27,8536.0,1484800.0,242210391.0,20091022
5.18,5.28,5.34,4.94,5.22,8444.0,2134700.0,344554775.0,20091029
5.2,5.27,5.28,4.94,5.2,8861.0,2042900.0,328544275.0,20091106
5.37,5.24,5.72,5.24,5.31,11880.0,2273900.0,386674535.0,20091113
5.41,5.41,5.57,5.33,5.41,10630.0,2059200.0,350225048.0,20091123
5.41,5.37,5.45,5.26,5.4,6712.0,1419600.0,237491052.0,20091130
5.52,5.4,5.53,5.32,5.52,7948.0,2324400.0,389598946.0,20091207
5.46,5.5,5.53,5.37,5.47,5114.0,1231600.0,207025887.0,20091214
5.33,5.46,5.54,5.18,5.33,5744.0,1363200.0,229342277.0,20091221
5.62,5.34,5.68,5.34,5.67,4132.0,1147700.0,195835513.0,20091230
5.75,5.67,5.79,5.62,5.75,5118.0,1044300.0,184795273.0,20100108
5.93,5.79,6.06,5.68,5.86,6267.0,1334400.0,242582842.0,20100115
5.77,5.91,6.01,5.67,5.77,6309.0,1322800.0,237459674.0,20100122
5.68,5.75,5.82,5.58,5.63,6235.0,1314300.0,230647348.0,20100201
5.37,5.66,5.81,5.34,5.41,7291.0,1722800.0,297506344.0,20100208
5.73,5.37,5.8,5.37,5.8,5864.0,1218200.0,207944095.0,20100217
5.64,5.77,5.82,5.63,5.68,4168.0,861000.0,152460474.0,20100224
5.78,5.6,5.83,5.55,5.75,5269.0,1126900.0,198455657.0,20100303
5.56,5.77,5.78,5.5,5.55,7959.0,1927600.0,332003711.0,20100310
5.55,5.54,5.56,5.41,5.55,4889.0,1013100.0,171903402.0,20100317
5.4,5.55,5.58,5.33,5.4,5517.0,1069900.0,178400864.0,20100324
5.34,5.36,5.49,5.31,5.34,6925.0,1168300.0,192920607.0,20100331
5.4,5.42,5.42,5.28,5.42,8254.0,1718800.0,282186235.0,20100408
5.63,5.42,5.69,5.39,5.67,9078.0,1968200.0,332842256.0,20100415
5.69,5.61,5.72,5.5,5.72,6984.0,1356900.0,232109044.0,20100423
5.55,5.69,5.72,5.43,5.54,6110.0,1972900.0,334854757.0,20100430
5.64,5.53,5.69,5.5,5.64,10206.0,2404000.0,412227435.0,20100507
5.74,5.72,5.83,5.67,5.74,7153.0,2020400.0,356256760.0,20100514
5.69,5.73,5.83,5.48,5.67,10552.0,2483500.0,432393879.0,20100521
5.69,5.67,5.77,5.57,5.69,9033.0,2601700.0,451543083.0,20100528
5.75,5.69,5.81,5.54,5.79,7684.0,2180100.0,380462406.0,20100607
5.88,5.79,5.91,5.77,5.88,6134.0,1692700.0,302761322.0,20100614
6.18,5.9,6.18,5.83,6.17,5679.0,1475300.0,271122624.0,20100621
6.19,6.15,6.22,5.99,6.19,5952.0,1649800.0,308900924.0,20100628
5.83,6.12,6.17,5.75,5.82,7132.0,1799300.0,326321880.0,20100705
5.96,5.84,6.03,5.79,5.95,8035.0,1920200.0,349717202.0,20100713
6.11,5.92,6.15,5.92,6.13,7334.0,1942200.0,360035367.0,20100720
6.19,6.17,6.22,6.05,6.15,6812.0,1675400.0,314585653.0,20100727
6.16,6.16,6.34,5.88,6.17,8626.0,1945500.0,367430402.0,20100803
5.98,6.19,6.21,5.94,5.97,6368.0,1305300.0,241086480.0,20100810
6.15,5.97,6.23,5.86,6.19,6999.0,1685000.0,310126324.0,20100817
6.15,6.21,6.39,6.13,6.18,7633.0,1635200.0,311143420.0,20100824
6.32,6.15,6.35,6.01,6.28,5618.0,1259500.0,236496921.0,20100831
6.41,6.3,6.41,6.25,6.41,5657.0,1168800.0,226760048.0,20100908
6.69,6.39,6.69,6.34,6.66,7482.0,1363100.0,269753048.0,20100915
6.7,6.67,6.81,6.54,6.69,6963.0,1477900.0,301156520.0,20100922
6.92,6.64,6.92,6.55,6.92,8195.0,1637800.0,336596309.0,20100929
7.13,6.93,7.16,6.82,7.16,6826.0,1656300.0,349218158.0,20101006
7.65,7.14,7.65,7.09,7.65,7086.0,1331500.0,296540148.0,20101014
7.73,7.66,7.81,7.57,7.73,9988.0,1813700.0,418301052.0,20101021
7.61,7.78,8.01,7.5,7.57,13592.0,2550400.0,592850914.0,20101028
7.9,7.68,7.93,7.61,7.92,7517.0,1657000.0,387853436.0,20101105
7.72,7.86,8.07,7.63,7.73,6390.0,1236400.0,291476352.0,20101112
8.07,7.79,8.12,7.66,8.11,6223.0,1171700.0,278356116.0,20101122
7.79,8.07,8.14,7.73,7.79,7436.0,1410900.0,335256313.0,20101129
7.95,7.82,8.07,7.59,8.01,6931.0,1499200.0,349764228.0,20101206
8,8.01,8.07,7.81,8.04,4956.0,843600.0,198632368.0,20101213
8.23,8,8.4,7.96,8.26,7631.0,1820200.0,314321051.0,20101220
8.4,8.28,8.63,8.28,8.39,11932.0,4836100.0,243236374.0,20101228
8.48,8.4,8.75,8.38,8.47,19067.0,7030000.0,357754155.0,20110105
8.18,8.49,8.57,8.13,8.16,22636.0,8788700.0,435705303.0,20110112
7.78,8.2,8.21,7.64,7.76,27594.0,9825900.0,459827966.0,20110119
7.8,7.75,7.97,7.51,7.8,25184.0,9730100.0,447109585.0,20110127
7.43,7.85,7.91,7.37,7.49,24337.0,8706900.0,389101457.0,20110203
7.13,7.42,7.53,7.11,7.11,21307.0,7734500.0,335888488.0,20110210
7.66,7.15,7.75,7.13,7.7,21327.0,7343900.0,325044327.0,20110217
7.29,7.66,7.86,7.29,7.3,19238.0,6638000.0,298125754.0,20110224
7.78,7.39,7.99,7.27,7.77,25139.0,9822400.0,445893201.0,20110303
7.74,7.77,7.85,7.52,7.76,19676.0,6797700.0,305432753.0,20110314
7.63,7.69,7.74,7.45,7.63,19528.0,6755600.0,299149811.0,20110321
7.49,7.65,7.79,7.49,7.5,15951.0,5267900.0,234972438.0,20110328
7.92,7.53,8.04,7.49,7.92,20666.0,7591700.0,345013293.0,20110404
7.88,7.92,8.0,7.75,7.88,13769.0,4449300.0,204808217.0,20110411
8.03,7.79,8.07,7.67,8.05,18941.0,6780700.0,311896237.0,20110418
8.54,8.06,8.54,8.05,8.52,20460.0,7786200.0,378586639.0,20110427
8.45,8.47,8.75,8.25,8.48,22540.0,10416300.0,522287586.0,20110504
8.59,8.4,9.02,8.4,8.59,20172.0,8857200.0,453059199.0,20110511
8.43,8.58,8.7,8.43,8.46,18490.0,6237000.0,311592940.0,20110518
8.43,8.53,8.53,8.32,8.39,15051.0,5235800.0,258580797.0,20110525
8.38,8.4,8.52,8.26,8.26,13819.0,4840200.0,237072792.0,20110601
8.55,8.3,8.55,8.18,8.53,20736.0,6743900.0,331682198.0,20110608
8.41,8.55,8.67,8.34,8.42,14281.0,5241300.0,260960268.0,20110615
8.62,8.38,8.74,8.29,8.58,15493.0,5496000.0,273380793.0,20110622
8.79,8.62,8.9,8.5,8.76,16291.0,5614500.0,286647189.0,20110630
8.88,8.86,9.12,8.69,8.91,18048.0,5621600.0,292464432.0,20110707
8.55,8.88,8.92,8.38,8.54,20216.0,8305400.0,413302708.0,20110714
8.43,8.61,8.65,8.24,8.38,16431.0,6098200.0,297823543.0,20110721
8.09,8.35,8.46,7.92,8.11,25380.0,8743900.0,411194663.0,20110728
7.7,8.07,8.1,7.69,7.73,25498.0,9737400.0,447477171.0,20110804
8.35,7.89,8.51,7.6,8.34,42042.0,13280100.0,612662118.0,20110811
8.9,8.37,8.99,8.2,8.91,33238.0,11405900.0,577704272.0,20110818
9.17,8.86,9.27,8.73,9.16,30256.0,9254200.0,486232324.0,20110825
9.45,9.14,9.89,8.93,9.44,33467.0,10624800.0,578950727.0,20110901
9.28,9.41,9.59,9.21,9.28,27520.0,9011700.0,491285752.0,20110909
9.62,9.25,9.62,9.09,9.6,25765.0,6854500.0,374335791.0,20110916
9.62,9.5,10.06,9.45,9.64,34949.0,9882800.0,557988605.0,20110923
9.78,9.73,9.83,9.49,9.76,26085.0,8104900.0,454250749.0,20110930
9.88,9.75,10.13,9.59,9.87,36053.0,9263500.0,520517519.0,20111007
9.98,9.92,10.11,9.77,9.99,25491.0,7456500.0,422060011.0,20111017
10.23,10.01,10.42,9.98,10.23,27923.0,7299500.0,427229229.0,20111024
10.05,10.19,10.37,9.9,10.05,30802.0,9110400.0,525995132.0,20111031
10.05,9.98,10.22,9.9,10,25390.0,7415400.0,426602062.0,20111108
10.25,9.95,10.39,9.91,10.23,21374.0,7043500.0,408518657.0,20111116
10.13,10.25,10.29,9.95,10.18,17785.0,4917400.0,283645524.0,20111123
10.72,10.22,10.76,10.14,10.72,23644.0,6354700.0,380595222.0,20111130
11.19,10.66,11.2,10.64,11.17,24575.0,6071400.0,378959254.0,20111207
11.44,11.13,11.49,10.92,11.39,28797.0,7884600.0,509639639.0,20111214
11.64,11.47,11.88,11.39,11.64,25725.0,7063200.0,469381304.0,20111221
11.66,11.66,11.78,11.5,11.63,16038.0,3917000.0,260184417.0,20111228
11.21,11.66,11.92,11.1,11.18,23938.0,7812300.0,512874037.0,20120105
11.2,11.23,11.36,10.99,11.2,22331.0,6709300.0,427320262.0,20120112
11.47,11.2,11.54,11.11,11.47,21919.0,6723700.0,435259012.0,20120119
11.16,11.49,11.51,11.12,11.18,26303.0,6762700.0,437005392.0,20120127
11.44,11.11,11.54,10.88,11.42,28216.0,7783000.0,501970863.0,20120203
11.2,11.44,11.49,11.02,11.2,19530.0,5090600.0,326240196.0,20120210
11.67,11.23,11.74,11.19,11.73,21744.0,5808600.0,379801614.0,20120217
12.03,11.47,12.14,11.37,11.99,34970.0,9040900.0,606051744.0,20120228
12.11,12.07,12.32,12.03,12.14,23722.0,5556100.0,382606216.0,20120306
13.34,12.27,13.38,12.21,13.35,26781.0,6535300.0,476140646.0,20120313
13.37,13.3,13.48,12.97,13.37,23995.0,5612800.0,418568647.0,20120320
14.03,13.38,14.4,13.28,14.02,29592.0,7296300.0,565868217.0,20120327
13.6,14.03,14.09,13.19,13.59,31529.0,8231400.0,627448252.0,20120403
13.71,13.5,13.73,12.97,13.71,26144.0,6377800.0,479575270.0,20120411
14.37,13.76,14.37,13.68,14.31,28674.0,6966800.0,550229273.0,20120418
14.61,14.35,14.85,14.23,14.56,25032.0,5920800.0,485801861.0,20120425
14.28,14.55,14.68,14.05,14.32,29692.0,7207700.0,581504683.0,20120503
13.7,14.36,14.36,13.66,13.76,27934.0,8126900.0,641906570.0,20120510
13.74,13.74,13.93,13.44,13.65,29058.0,8018300.0,619370651.0,20120517
13.47,13.65,13.84,13.18,13.47,38338.0,9480500.0,726270368.0,20120524
13.66,13.43,13.68,13.21,13.66,28751.0,7069700.0,536785810.0,20120531
13.25,13.47,13.57,12.76,13.25,42589.0,10380100.0,766903282.0,20120608
13.37,13.3,13.49,13.02,13.35,48760.0,12140900.0,907259130.0,20120615
13.43,13.3,14.13,13.25,13.42,38193.0,9093000.0,703907145.0,20120622
13.79,13.25,13.96,13.25,13.79,33195.0,7186000.0,548930371.0,20120629
13.77,13.8,14.09,13.47,13.77,23703.0,4877500.0,376167265.0,20120706
13.3,13.65,13.8,13.25,13.26,25720.0,4831000.0,364177177.0,20120716
13.51,13.31,13.67,13.08,13.49,30468.0,5514800.0,414463264.0,20120723
14.32,13.62,14.36,13.12,14.35,35107.0,6980200.0,538694186.0,20120730
14.1,14.37,14.46,13.77,14.15,30452.0,6186100.0,490087002.0,20120806
13.7,14.23,14.32,13.6,13.7,23241.0,5676800.0,441937893.0,20120813
13.56,13.66,13.88,13.53,13.56,28053.0,5999000.0,460108372.0,20120820
13.55,13.63,13.7,13.19,13.55,26220.0,6009900.0,452309635.0,20120827
13.72,13.48,13.84,13.28,13.72,24938.0,5444300.0,412742163.0,20120903
13.55,13.6,13.86,13.3,13.55,29862.0,7614500.0,579459651.0,20120911
13.64,13.56,13.98,13.3,13.63,36539.0,9578900.0,734799323.0,20120918
13.83,13.61,13.99,13.52,13.82,27341.0,6520800.0,504680049.0,20120925
14.37,13.88,14.39,13.64,14.36,34247.0,8689600.0,679337159.0,20121002
14.59,14.35,15.09,14.28,14.61,28155.0,6357600.0,517950206.0,20121009
15.17,14.62,15.2,14.57,15.2,24757.0,8005100.0,663398711.0,20121017
14.73,15.16,15.37,14.68,14.7,22681.0,7503800.0,629997130.0,20121024
14.88,14.88,15.28,14.58,14.88,18584.0,5424700.0,448457474.0,20121031
14.55,15.09,15.09,14.48,14.56,25332.0,6813700.0,560690796.0,20121109
15.11,14.56,15.21,14.45,15.06,27537.0,5426300.0,448422953.0,20121119
15.31,15.03,15.49,15.03,15.3,20913.0,4525700.0,385479926.0,20121127
15.79,15.28,16.18,15.24,15.74,39487.0,9370400.0,821401225.0,20121204
15.86,15.78,16.09,15.45,15.86,31156.0,8779200.0,771589231.0,20121211
16.06,15.83,16.06,15.6,16.04,30766.0,8628300.0,761563215.0,20121218
15.54,16.06,16.1,15.21,15.54,25206.0,5611200.0,487510327.0,20121227
15.63,15.69,15.83,15.49,15.63,24142.0,6475500.0,558742900.0,20130107
15.95,15.66,15.98,15.6,15.93,25119.0,5439800.0,473931403.0,20130114
16.64,15.95,16.78,15.81,16.65,21202.0,5041300.0,456102759.0,20130121
16.87,16.63,16.93,16.45,16.87,26508.0,7006200.0,643162319.0,20130129
16.91,16.82,17.15,16.59,16.9,27535.0,7729600.0,718495244.0,20130205
16.69,16.94,17.03,16.56,16.69,22584.0,5209500.0,478777711.0,20130214
16.33,16.66,16.84,16.16,16.36,21401.0,6475400.0,589261380.0,20130221
15.92,16.38,16.69,15.51,15.92,41183.0,11055200.0,974205862.0,20130228
16.13,15.92,16.62,15.74,16.08,31650.0,6571700.0,581368412.0,20130307
15.78,16.14,16.28,15.54,15.74,29577.0,6475000.0,565947874.0,20130314
15.5,15.74,15.84,15.31,15.52,33508.0,9140800.0,779910958.0,20130321
15.44,15.49,15.64,15.07,15.34,27741.0,7919300.0,666021321.0,20130328
15.04,15.43,15.46,14.89,15.04,30256.0,7593200.0,633811627.0,20130405
14.57,15.11,15.23,14.53,14.57,29230.0,9732600.0,795380290.0,20130412
14.58,14.52,14.6,14.05,14.56,37534.0,10201900.0,805406884.0,20130419
14.2,14.57,14.81,14.12,14.25,28176.0,8389400.0,666103878.0,20130426
15.11,14.34,15.27,13.93,15.11,49353.0,12539500.0,1020283426.0,20130506
15.57,15.05,16.07,14.96,15.57,37841.0,9901500.0,839373558.0,20130513
15.79,15.64,16.11,15.58,15.73,33347.0,8147600.0,710166838.0,20130520
15.42,15.83,15.95,15.28,15.45,27651.0,6031100.0,514451407.0,20130527
14.53,15.49,15.73,14.4,14.51,48977.0,16331900.0,1332606927.0,20130604
14.01,14.53,14.65,13.93,14.01,35109.0,11716900.0,926792596.0,20130611
14.21,14.19,14.63,13.84,14.28,36594.0,8595100.0,670425470.0,20130618
14.12,14.19,14.35,13.71,14.17,47020.0,11940700.0,922012732.0,20130625
14.79,14.21,15.38,14.17,14.81,43149.0,9874600.0,809883706.0,20130702
15.05,14.78,15.27,14.66,15.08,28200.0,6378800.0,522625542.0,20130710
14.94,15.23,15.26,14.8,14.92,25096.0,5649600.0,467046205.0,20130717
14.84,14.9,15.06,14.51,14.81,24856.0,6022600.0,489491371.0,20130724
15.54,14.78,15.69,14.68,15.64,31445.0,7813700.0,651250930.0,20130731
15.6,15.68,16.16,15.45,15.54,39963.0,10027000.0,867888738.0,20130807
15.64,15.64,15.8,15.27,15.55,45103.0,9699100.0,831108920.0,20130814
15.01,15.47,16.01,14.87,15.01,46821.0,10332800.0,882527695.0,20130821
14.62,15.08,15.26,14.54,14.62,50081.0,10155100.0,827711579.0,20130828
14.75,14.66,15.38,14.6,14.76,45915.0,12207100.0,1006477115.0,20130904
15.47,14.78,15.47,14.61,15.45,52804.0,12702600.0,1049024396.0,20130911
15.71,15.47,15.76,15.25,15.7,32977.0,7617100.0,644749382.0,20130918
15.84,15.76,16.15,15.61,15.82,34595.0,7981400.0,689975601.0,20130925
15.58,15.95,16.14,15.37,15.6,31037.0,6893700.0,593465091.0,20131002
15.34,15.61,15.7,15.21,15.34,25350.0,6086300.0,511848106.0,20131009
15.5,15.39,15.83,15.25,15.52,34136.0,7823800.0,662757123.0,20131016
15.57,15.47,16.03,15.46,15.52,31626.0,7376000.0,633547383.0,20131023
15.39,15.58,15.75,15.3,15.41,34726.0,8144500.0,689813042.0,20131030
15.44,15.42,15.49,14.99,15.43,52808.0,11980000.0,998714042.0,20131106
16.07,15.39,16.3,15.32,16.02,90548.0,36067100.0,1337646744.0,20131113
16.34,16.15,16.68,15.94,16.36,96608.0,49056400.0,853257684.0,20131122
16.47,16.38,16.58,15.96,16.47,65027.0,32539700.0,567792322.0,20131129
15.76,16.3,16.61,15.51,15.73,93777.0,66430600.0,1128268507.0,20131206
15.23,15.77,15.95,15.21,15.27,76030.0,36421000.0,610367554.0,20131213
15.83,15.33,15.95,15.2,15.82,94265.0,38909100.0,650034458.0,20131220
16.23,15.91,16.39,15.83,16.3,66817.0,25681900.0,441499025.0,20140102
15.96,16.31,16.46,15.48,16,110695.0,73304600.0,1253145683.0,20140109
15.93,16.01,16.35,15.81,15.93,86274.0,38113700.0,650518191.0,20140116
15.84,15.99,16.39,15.73,15.82,73283.0,42280300.0,714367053.0,20140123
15.12,15.89,15.92,14.89,15.14,102477.0,50863500.0,824427864.0,20140130
15.34,14.99,15.44,14.41,15.28,112827.0,61741400.0,970277720.0,20140206
15.53,15.28,15.84,14.98,15.54,114269.0,39906700.0,647721465.0,20140213
15.76,15.55,15.93,15.12,15.72,77755.0,40412400.0,663821480.0,20140220
16.01,15.68,16.15,15.54,16.04,90550.0,34196900.0,571787778.0,20140227
15.85,16.07,16.19,15.61,15.87,122763.0,52700300.0,884262144.0,20140310
15.87,15.86,16.06,15.45,15.85,121083.0,42932700.0,711443021.0,20140317
16,15.81,16.3,15.63,15.96,129079.0,52342300.0,875422945.0,20140324
16.1,16.04,16.31,15.78,16.1,123944.0,52808700.0,891724260.0,20140331
16.18,16.08,16.68,15.97,16.18,126552.0,56717600.0,968520157.0,20140407
16.66,16.33,16.75,15.92,16.62,116346.0,52812200.0,895177157.0,20140414
16.89,16.48,17.1,16.24,16.91,123475.0,48528000.0,847083307.0,20140423
15.62,16.95,16.96,15.48,15.63,140119.0,74006800.0,1241265820.0,20140430
15.6,15.5,16.02,15.27,15.63,180621.0,88029500.0,1433125559.0,20140508
15.79,15.6,16.32,15.5,15.79,104669.0,47886900.0,795041387.0,20140515
16.02,15.84,16.02,15.55,16.02,121941.0,44910600.0,740294633.0,20140522
15.42,15.96,15.98,15.31,15.42,71588.0,32394200.0,527109442.0,20140529
15.35,15.37,15.72,15.19,15.32,101670.0,53135600.0,857110523.0,20140605
15.21,15.62,15.8,15.12,15.2,122671.0,66617700.0,1079058301.0,20140613
14.99,15.24,15.35,14.79,15.01,85496.0,41244700.0,650337519.0,20140623
15.02,15,15.1,14.85,15,89281.0,46385700.0,724539178.0,20140630
15.34,15.12,15.66,15.05,15.38,80523.0,36964200.0,591915341.0,20140707
15.06,15.39,15.53,14.85,15.05,124359.0,76855200.0,1207862681.0,20140715
15.94,15.09,16.17,15.04,15.94,118427.0,61542300.0,1009188991.0,20140722
15.83,15.8,16.09,15.66,15.85,88868.0,39895200.0,661045850.0,20140729
14.8,15.94,15.98,14.77,14.81,127360.0,60761800.0,955779187.0,20140805
15.26,14.82,15.39,14.51,15.26,114803.0,64381600.0,999260784.0,20140812
15.76,15.28,15.79,14.91,15.77,121683.0,67659700.0,1078657134.0,20140819
15.96,15.67,16.22,15.54,16,96256.0,48045800.0,786779935.0,20140826
15.43,16.1,16.1,15.29,15.44,134778.0,66734500.0,1087221796.0,20140902
15.18,15.42,15.82,15.04,15.17,127714.0,51876900.0,829634101.0,20140909
15.62,15.05,15.96,14.91,15.61,147663.0,63759400.0,1015841764.0,20140916
15.87,15.79,15.97,15.27,15.78,147737.0,69546400.0,1131973262.0,20140923
15.42,15.85,16.0,15.27,15.42,124496.0,57388900.0,930901039.0,20140930
15.79,15.3,16.36,14.78,15.86,167652.0,86994700.0,1404705826.0,20141007
15.48,16.04,16.1,15.17,15.49,122795.0,59782000.0,963896346.0,20141014
15.14,15.34,15.66,14.87,15.16,149260.0,77974900.0,1230943509.0,20141021
15.2,15.06,15.48,14.45,15.24,202568.0,134003200.0,2066754122.0,20141028
15.97,15.18,16.15,14.96,15.93,130591.0,76687600.0,1220085154.0,20141104
15.63,15.83,16.26,15.51,15.59,93153.0,54416800.0,885176051.0,20141111
15.8,15.61,16.19,15.37,15.76,111818.0,54063300.0,868838698.0,20141118
16.35,15.83,17.1,15.8,16.3,137548.0,75960400.0,1275087466.0,20141126
15.35,16.24,16.61,15.28,15.35,131161.0,57801600.0,934974726.0,20141203
15.47,15.52,15.7,15.01,15.45,95606.0,51004000.0,801301954.0,20141210
15.4,15.49,15.7,14.71,15.42,157915.0,83806100.0,1312635637.0,20141217
15.89,15.56,16.16,15.37,15.87,89961.0,36917100.0,593061289.0,20141226
16.11,15.88,16.34,15.32,16.06,97280.0,65732800.0,1054661000.0,20150106
16.57,16.12,16.85,15.92,16.54,112993.0,69879800.0,1160896805.0,20150113
16.76,16.39,16.86,16.39,16.77,84925.0,44054000.0,738927644.0,20150120
16.82,16.81,17.25,16.63,16.84,99654.0,46609000.0,795494507.0,20150127
17.39,16.69,17.71,16.64,17.43,120747.0,64641800.0,1127431016.0,20150203
17.88,17.36,18.04,17.02,17.9,101104.0,52299700.0,926869048.0,20150210
18.07,17.81,18.22,17.52,18.04,86945.0,47926600.0,866126622.0,20150219
18.33,18.13,18.44,17.89,18.24,95629.0,48648700.0,891801898.0,20150226
18.28,18.15,18.72,17.92,18.26,111139.0,61278300.0,1124957264.0,20150305
17.96,18.29,18.36,17.28,17.96,101147.0,52256200.0,943603886.0,20150312
18.42,17.51,18.62,17.42,18.43,106903.0,56325900.0,1026474608.0,20150319
18.59,18.58,18.82,18.49,18.58,27387.0,16627500.0,311097268.0,20150320
