38.46,35.11,38.46,33.9,38.31,609.0,1515700.0,53402996.0,20081208
38.57,38.58,39.83,37.0,38.57,378.0,815800.0,31513935.0,20081215
37.75,39.37,40.49,37.62,37.83,712.0,1970200.0,77380239.0,20081222
40.32,38.06,40.32,36.43,40,349.0,475600.0,18000609.0,20090102
42,40.2,42.47,39.7,41.77,495.0,1060600.0,44013356.0,20090109
39.49,40.71,40.75,36.93,39.18,351.0,718900.0,28070798.0,20090116
38.08,39.71,40.37,36.8,38.32,360.0,928400.0,35567666.0,20090123
39.6,38.06,40.9,37.91,39.47,241.0,654300.0,26097763.0,20090130
43.2,38.68,43.2,38.5,42.55,406.0,587800.0,24140096.0,20090206
41.85,42.71,43.29,39.93,41.59,216.0,386500.0,16132011.0,20090213
39.2,41.16,41.99,37.99,38.68,220.0,293000.0,11618841.0,20090220
36.77,39.3,39.5,35.73,36.55,486.0,596100.0,22210784.0,20090303
38.89,37.85,38.95,36.4,38.9,320.0,656500.0,24905849.0,20090310
39.79,39.01,39.79,37.97,39.38,386.0,808200.0,31456772.0,20090317
41.6,39.7,42.6,38.82,41.53,441.0,1128600.0,46398199.0,20090324
40.57,41.87,42.7,40.38,40.86,335.0,1952800.0,81672475.0,20090331
44.05,40,44.58,40.0,43.82,389.0,2059300.0,89513388.0,20090407
45.5,44,46.34,43.6,44.93,435.0,1942800.0,87619485.0,20090415
45.9,45.7,46.1,44.07,45.53,376.0,1353600.0,61193927.0,20090423
48.1,46.17,48.1,44.9,47.44,511.0,2670800.0,122749221.0,20090430
51.36,48.5,52.8,48.35,50.85,605.0,2345600.0,116844408.0,20090508
49,50.17,51.3,48.1,48.86,625.0,1687600.0,83311996.0,20090515
50.69,49.27,52.24,49.27,50.38,713.0,2343900.0,118753977.0,20090522
53.1,50.57,54.0,49.95,52.74,368.0,1330000.0,68409680.0,20090529
52.76,53.52,54.85,51.45,53.02,1212.0,2454800.0,129694544.0,20090605
51.98,52.77,54.16,51.0,51.8,999.0,1353200.0,71462639.0,20090615
49.4,51.96,52.18,49.2,49.25,1112.0,2567100.0,130183747.0,20090622
52.02,49.7,52.02,48.79,51.89,946.0,1754000.0,88520587.0,20090629
50.5,52.1,52.2,49.44,50.13,698.0,2133800.0,108825719.0,20090706
48.7,50.05,50.17,48.03,48.55,1074.0,2098700.0,102552809.0,20090714
53.1,50,53.9,46.26,52.9,882.0,2148300.0,111639022.0,20090721
54.5,52.24,54.5,52.24,54.05,1016.0,1117900.0,60245298.0,20090728
56,54.15,56.3,52.9,55.65,828.0,934400.0,50709405.0,20090804
55.58,56.02,56.54,54.99,55.6,784.0,637600.0,35568156.0,20090811
55.7,55.31,56.98,54.55,55.35,1400.0,2102100.0,117036512.0,20090818
57.3,54.99,58.25,54.66,57.11,1241.0,2135900.0,121938741.0,20090825
55.5,57,57.81,55.37,55.51,1212.0,1892500.0,107173254.0,20090901
57.6,55.35,57.7,54.92,57.6,885.0,1570100.0,88432016.0,20090909
60.03,57.21,60.08,57.11,59.94,1127.0,1868800.0,109816635.0,20090916
60.2,59.7,61.69,59.45,60.2,1638.0,2127100.0,128370512.0,20090923
61.51,60.99,61.53,59.2,61.19,2170.0,2357800.0,141710626.0,20090930
62.4,60.97,62.85,59.23,62.34,1206.0,1942500.0,118358880.0,20091007
66.49,62.85,67.27,62.6,66.01,876.0,1398500.0,90276735.0,20091015
65.95,65.8,67.0,63.47,65.76,1426.0,1571400.0,102775172.0,20091022
63.5,67,67.0,59.7,63.22,1282.0,1694300.0,106692072.0,20091029
63.95,63.9,64.54,60.27,64.49,1411.0,1299800.0,81547831.0,20091106
64.8,64.81,66.65,63.66,64.1,1394.0,1267900.0,82588912.0,20091113
66.35,65.21,67.58,64.53,66,1010.0,1046000.0,69318280.0,20091123
66.9,66.65,67.52,64.05,66.6,518.0,999600.0,66279016.0,20091130
68.16,67.62,69.16,66.69,67.88,1197.0,1652800.0,112425108.0,20091207
69,67.15,69.99,66.82,67.6,868.0,789000.0,53719943.0,20091214
66.5,68.38,69.14,65.71,65.85,856.0,843200.0,56657323.0,20091221
68.5,65.61,68.5,65.61,67.56,1135.0,849900.0,57069685.0,20091230
69.48,68.55,70.32,68.3,69.75,1563.0,822700.0,57348370.0,20100108
68.5,70.24,70.46,68.17,68.25,694.0,965400.0,66772651.0,20100115
65.59,68.77,69.42,64.91,65.37,2196.0,2473100.0,165180859.0,20100122
66.05,65.05,66.49,63.9,66.1,1482.0,1445500.0,93604334.0,20100201
62.6,66.95,66.95,60.76,62.68,2692.0,1706400.0,108334315.0,20100208
66.94,63.7,67.0,63.63,66.62,1934.0,1485400.0,96464988.0,20100217
65.6,66.63,67.6,64.97,65.22,2781.0,1764600.0,117180023.0,20100224
67.4,64.7,68.07,64.0,67.1,1643.0,1025100.0,67730738.0,20100303
69.7,67.1,69.81,66.31,69.16,1765.0,1092000.0,74617750.0,20100310
69.3,69.13,70.05,68.01,68.92,2559.0,1706100.0,117607344.0,20100317
68.28,69.24,69.4,67.3,68.17,2296.0,1223300.0,83811786.0,20100324
70,68.99,70.0,67.36,69.41,2027.0,1367500.0,94152662.0,20100331
71.3,70.02,71.3,69.9,71.18,3018.0,1177500.0,83123800.0,20100408
69.78,71.3,71.3,69.43,69.92,2865.0,1556600.0,109448330.0,20100415
68.95,69.5,69.5,67.47,69,3514.0,1845900.0,126537628.0,20100423
66.92,69,69.15,65.41,67,2462.0,2611200.0,174611702.0,20100430
62.5,66.92,67.27,60.5,62.3,3248.0,2332000.0,149069534.0,20100507
62.9,65.59,65.7,62.35,62.81,2822.0,1422400.0,91337789.0,20100514
60.2,63,63.0,57.0,59.81,4143.0,1992300.0,118446865.0,20100521
61.4,60.1,62.4,57.23,61.28,2971.0,1626600.0,97440090.0,20100528
60.45,61.5,62.7,60.3,60.55,3044.0,1666500.0,102683828.0,20100607
62.87,60.9,63.75,60.43,63,2907.0,1895800.0,117451621.0,20100614
64.4,63.31,65.0,63.15,64.39,2139.0,1495800.0,95517242.0,20100621
63.85,64.36,65.17,63.13,63.73,1985.0,1223400.0,78469419.0,20100628
60.39,62.94,62.94,59.49,60.51,2008.0,1507500.0,91730506.0,20100705
63.25,61.11,63.31,60.76,63.12,1575.0,1730100.0,108026350.0,20100713
63.8,62.5,63.89,61.66,63.88,2110.0,1501800.0,94156183.0,20100720
66.13,64.2,66.47,63.54,66.16,2673.0,1664300.0,108633538.0,20100727
67.63,66.13,68.85,65.62,67.52,3724.0,1536700.0,102654984.5,20100803
66.8,67.73,68.05,66.35,66.54,3471.0,1569910.0,105702632.3,20100810
67.15,66.3,67.15,64.09,66.73,3815.0,2356460.0,154971467.0,20100817
64.8,67.21,67.21,63.82,64.68,2422.0,1455420.0,95911401.8,20100824
64.5,64.8,65.15,63.29,64.52,2951.0,1963160.0,125932596.4,20100831
65.8,64.7,67.04,64.7,65.43,3300.0,1391520.0,91688119.6,20100908
67.6,65.96,67.6,65.63,67.5,3856.0,1551030.0,103502273.5,20100915
67.9,67.27,67.9,66.3,67.55,2460.0,1821600.0,122347379.6,20100922
68.8,67.43,68.89,67.3,68.61,9362.0,3019270.0,205788831.3,20100929
69.86,68.8,70.71,68.32,69.87,3793.0,1707930.0,118830985.6,20101006
71.07,70,71.35,68.64,70.85,3416.0,1876620.0,131666022.0,20101014
69.1,71.1,71.29,68.22,68.9,3974.0,2350180.0,164008201.4,20101021
70.03,69.69,70.8,68.22,69.83,3912.0,2180040.0,151553464.4,20101028
71.9,69.8,72.4,69.59,72.06,3602.0,1546130.0,109926283.1,20101105
69.64,71.74,72.29,69.21,69.63,4009.0,1308060.0,92508259.9,20101112
68.99,69.2,70.4,67.88,68.9,6597.0,3320300.0,230484014.7,20101122
67.33,68.3,69.01,66.4,67.15,4546.0,1734360.0,117630075.3,20101129
68.6,67.49,69.25,66.5,68.66,7639.0,1823850.0,124353261.4,20101206
68.7,69.5,69.82,66.84,68.54,5874.0,1485600.0,100993545.2,20101213
66.7,68.2,68.43,66.2,66.67,7858.0,3467150.0,233242966.6,20101220
67.38,66.96,68.05,66.9,67.34,3791.0,1395010.0,94023709.0,20101228
70.25,68.27,70.32,67.54,70.15,4140.0,1472530.0,101701869.7,20110105
71,70.4,71.0,68.93,70.82,3640.0,2033010.0,142467018.3,20110112
69.3,70.71,71.1,69.14,69.28,3066.0,1444790.0,101128212.6,20110119
67.3,69.01,69.23,67.05,67.3,4012.0,2614020.0,178051236.0,20110127
66.05,67.3,67.35,65.14,66.06,5622.0,2307770.0,152826933.8,20110203
63.85,66,66.18,63.24,63.95,5072.0,2347420.0,151083744.3,20110210
66.88,64.11,67.01,63.85,66.78,5892.0,2662590.0,175182754.8,20110217
66.34,66.79,67.5,65.25,66.4,9836.0,4402890.0,292398158.7,20110224
67.45,67.59,67.59,65.34,67.28,9595.0,2408110.0,159868600.4,20110303
66.4,67.24,67.47,64.81,66.4,4484.0,2013640.0,133298788.7,20110314
65.88,64.7,66.9,64.11,66.03,8089.0,4597860.0,302729679.6,20110321
66.39,65.81,67.45,65.81,66.5,5050.0,2075200.0,138505911.9,20110328
68.91,66.62,68.97,66.25,68.95,5558.0,2502040.0,170284045.5,20110404
67.29,68.51,69.27,67.2,67.25,4190.0,2697540.0,184291720.1,20110411
64.75,66.9,67.15,64.0,64.45,8453.0,2729720.0,178929078.8,20110418
65.4,64.75,66.49,64.75,65.5,7163.0,3769020.0,248034921.0,20110427
62.9,65.49,65.5,62.81,63.02,6727.0,3004710.0,193696734.8,20110504
62.95,62.51,64.34,62.18,62.81,4712.0,1681670.0,106514709.6,20110511
62.11,62.5,63.51,61.61,62.34,5625.0,2764340.0,173671128.0,20110518
62.6,62.79,63.05,60.88,62.6,4023.0,1346020.0,83628385.4,20110525
62.65,62.72,64.0,62.46,62.58,4180.0,1461600.0,92451273.1,20110601
62.3,62.9,64.15,61.87,62.08,6189.0,1644840.0,103420281.6,20110608
60.76,62.15,62.93,60.5,60.96,5033.0,1808190.0,111268031.3,20110615
60.32,60.95,61.27,59.77,60.57,6942.0,2541250.0,153644482.9,20110622
61.49,60.55,61.89,59.99,61.42,3537.0,2151380.0,131483419.3,20110630
61.41,61.66,63.0,61.34,61.43,4866.0,1429450.0,88829716.0,20110707
58.9,61.02,61.14,58.78,58.86,6703.0,2087100.0,124457009.2,20110714
59.5,59.3,59.7,57.86,59.62,7279.0,2394730.0,140738393.5,20110721
57.85,59.58,59.99,57.21,57.86,6561.0,3344700.0,196241174.3,20110728
52.05,57.25,58.81,51.93,52.17,12824.0,4034040.0,222886123.6,20110804
52.65,52.15,53.2,47.11,52.79,25862.0,10239520.0,512140400.3,20110811
52.41,52.65,54.3,51.6,52.06,11444.0,3557410.0,188681773.0,20110818
52.15,51.24,53.62,51.16,52.15,13844.0,4428870.0,231881381.0,20110825
57.27,52.02,57.84,51.37,57.45,17591.0,4863230.0,266769968.6,20110901
55.1,56.45,57.49,53.0,55.17,18005.0,5603230.0,312632839.7,20110909
56.45,53.45,56.45,53.37,56.4,16254.0,5126080.0,283985220.5,20110916
52.65,55.3,56.9,52.05,52.59,21274.0,7213740.0,393718932.2,20110923
51.6,53.06,54.3,51.25,51.54,12646.0,5031820.0,264914292.5,20110930
50.41,51.15,52.3,48.75,50.6,19135.0,7818690.0,395146365.6,20111007
53.12,51.12,54.48,51.04,53.08,15127.0,4889170.0,259709886.0,20111017
56,53.23,56.48,52.51,56.2,17478.0,4878120.0,264610999.0,20111024
57.57,55.8,59.09,55.09,57.92,17645.0,6865110.0,391802753.3,20111031
58.1,55.68,58.8,55.07,58.19,18708.0,5512270.0,315905808.0,20111108
57.68,57.15,58.13,56.43,57.79,14076.0,4815330.0,276010901.2,20111116
54.31,57.41,57.79,54.11,54.29,30569.0,9069810.0,503708243.2,20111123
56.18,54.73,56.88,53.81,55.95,19049.0,4997290.0,276933327.2,20111130
57.72,57.1,58.73,56.75,57.82,18476.0,4446180.0,257170637.7,20111207
55.75,57.99,58.45,55.75,56.05,20471.0,6161670.0,350403247.3,20111214
55.82,56.44,56.73,54.5,55.73,20575.0,6399000.0,354513810.9,20111221
55.65,55.9,57.36,55.56,55.6,10560.0,3025780.0,171196441.7,20111228
57.61,55.7,58.62,55.49,57.6,13024.0,3030340.0,174259757.5,20120105
59.1,57.83,59.68,57.48,59.13,9256.0,3017870.0,177146490.6,20120112
60.93,58.65,61.25,57.97,60.95,14347.0,6149040.0,367095547.7,20120119
62.03,60.71,62.82,60.7,61.97,17850.0,7125050.0,439386030.7,20120127
64.21,61.4,64.63,61.05,64.28,19613.0,6982750.0,441035935.7,20120203
63.05,64.18,65.71,62.9,63.07,19796.0,9205370.0,590388675.5,20120210
65.12,64,65.51,63.67,65.12,19563.0,8872050.0,573188390.7,20120217
65,65.12,65.4,64.1,65.05,13074.0,5867810.0,380585693.1,20120228
64.02,65.03,66.75,63.91,64.15,18606.0,9591770.0,627914054.1,20120306
67.3,64.69,67.38,64.38,67.35,12171.0,7701460.0,505692760.2,20120313
66.15,67.6,67.93,65.65,66.04,12521.0,7135680.0,475862797.6,20120320
64.91,66.14,66.3,64.56,64.99,10445.0,7210930.0,470467188.2,20120327
63.42,64.84,64.91,62.9,63.41,14154.0,11970830.0,762606868.8,20120403
60.33,62.62,63.35,60.33,60.41,20449.0,9983970.0,617432679.3,20120411
62,60.85,62.3,60.51,62.12,16015.0,9562480.0,589029342.1,20120418
60.94,61.8,62.5,60.01,60.78,16635.0,12869570.0,789086302.8,20120425
61.24,60.3,62.9,60.1,61.17,18488.0,7897770.0,481438189.7,20120503
58.78,61.14,61.23,58.25,58.7,26330.0,16496730.0,985314590.6,20120510
53.35,58.34,59.4,53.24,53.4,37949.0,17836360.0,996723525.6,20120517
53.31,53.95,55.78,52.18,53.38,35969.0,21181570.0,1136600797.8,20120524
53.6,53,54.92,52.3,53.45,18593.0,10993060.0,588821536.3,20120531
53.65,52.32,53.65,51.72,53.48,23496.0,11923150.0,628830215.8,20120608
55.29,54.46,55.29,53.05,55.04,22259.0,15667460.0,852482055.0,20120615
54.6,54.25,56.86,54.25,54.74,20086.0,16184930.0,902467846.9,20120622
53.42,53.72,54.2,51.45,53.33,11977.0,7442380.0,392419444.1,20120629
54.59,53.39,56.0,52.97,54.17,15055.0,6109260.0,334727889.7,20120706
52.65,54.61,54.68,51.62,52.55,11600.0,5803050.0,306815499.8,20120716
52.24,52.94,54.61,51.31,52.24,15537.0,7817330.0,415798801.6,20120723
56.45,52.11,56.45,51.43,56.15,18771.0,10273200.0,550829759.2,20120730
57.37,56.5,58.0,54.29,57.6,20350.0,9835080.0,548665055.6,20120806
58.06,57.88,58.61,56.65,58.1,14085.0,7519610.0,434495319.7,20120813
58.3,57.98,58.8,56.66,58.39,16659.0,8197710.0,474139250.6,20120820
57.18,58.8,59.23,56.86,57.2,20823.0,9467360.0,547247446.0,20120827
56.23,57.1,57.73,55.55,56.3,22185.0,7258040.0,410004456.3,20120903
58.37,56.18,58.5,55.17,58.41,13591.0,6914270.0,393679880.9,20120911
60.72,58.62,62.32,58.13,60.75,40384.0,11234220.0,678519157.9,20120918
59.4,60.91,61.41,59.27,59.36,20336.0,6962770.0,420592665.1,20120925
58.15,59.11,59.78,57.8,58.19,16597.0,8527260.0,501277716.9,20121002
58,58.17,58.64,57.0,58.04,16931.0,6601880.0,381746062.4,20121009
59.4,58.23,59.9,57.33,58.91,17496.0,7846760.0,458217622.5,20121017
56.14,58.99,58.99,56.14,56.35,24455.0,10399330.0,597332003.1,20121024
56.04,56.9,57.28,55.5,55.96,14246.0,6493000.0,366397602.7,20121031
56.32,56.49,58.46,55.83,56.42,14537.0,7513810.0,429054122.8,20121109
55.26,56.32,56.7,54.08,55.43,16977.0,8034120.0,445381227.6,20121119
55.1,55.55,56.49,54.88,55.38,12078.0,6690120.0,372448877.2,20121127
56.45,55,57.42,54.63,56.53,17726.0,9371250.0,527713744.4,20121204
58.29,56.91,58.62,56.03,58.42,13798.0,8052120.0,460673251.1,20121211
59.3,58.61,59.39,57.95,59.33,20194.0,11972690.0,700312845.5,20121218
59.55,59.47,60.3,59.09,59.47,16062.0,9574700.0,570807129.6,20121227
60.75,59.55,62.21,59.29,60.71,22173.0,8997080.0,548266137.4,20130107
60.75,60.75,61.04,59.87,60.72,14833.0,6357490.0,383631681.6,20130114
60.75,60.9,61.3,60.02,60.75,12687.0,5727140.0,347687239.8,20130121
59.33,60.7,61.11,58.63,59.22,13302.0,6596830.0,395495928.8,20130129
58.16,59.3,59.36,57.98,58.22,14689.0,8257460.0,482819112.8,20130205
56.98,58.12,58.48,56.59,56.91,18068.0,6562970.0,376187018.7,20130214
54.83,56.67,57.23,54.32,54.73,18579.0,7952750.0,445020050.4,20130221
56.14,55.4,56.71,54.83,56.01,24444.0,10302050.0,572647023.2,20130228
57.58,55.63,58.25,54.85,57.63,25063.0,9350240.0,525960723.8,20130307
56.05,57.41,57.85,55.51,55.98,18791.0,7967900.0,452062743.2,20130314
54.46,56.31,56.34,54.25,54.49,19758.0,10184090.0,563496147.6,20130321
55.1,54.98,55.28,53.6,55.19,11865.0,5919490.0,321875170.9,20130328
54.08,54.9,55.21,52.79,54.14,21049.0,8437390.0,454425445.5,20130405
53.73,53.99,55.89,53.29,53.75,22073.0,9301950.0,505581630.3,20130412
52.73,53.1,53.14,51.35,52.84,20325.0,10609920.0,554345196.8,20130419
53.1,52.72,54.48,52.32,53.1,17372.0,8763310.0,470428050.4,20130426
54.27,53.43,55.15,53.28,54.8,39460.0,10294460.0,557977618.8,20130506
53.3,54.31,55.65,53.28,53.53,30372.0,7569930.0,411766271.8,20130513
54.57,53.35,54.6,53.25,54.55,13942.0,7280330.0,392069646.3,20130520
55.35,54.6,55.94,54.26,55.46,22279.0,5728500.0,315536413.2,20130527
52.86,55.71,55.87,51.87,52.92,20421.0,8023140.0,426789856.1,20130604
48.7,52.53,53.16,48.7,48.87,24978.0,11034170.0,560971987.9,20130611
48.35,49.21,49.64,47.44,48.52,26711.0,12563400.0,610653877.0,20130618
46,48.5,48.7,44.53,46.17,45472.0,24550510.0,1134909344.0,20130625
44.2,46.3,47.14,43.9,44.39,27456.0,10157190.0,469148216.1,20130702
44.5,44,45.46,43.23,44.45,24403.0,11225470.0,498075709.7,20130710
46.57,45.46,46.85,44.7,46.44,16223.0,11527240.0,526881157.5,20130717
47.46,46.44,48.48,46.0,47.25,15780.0,9092140.0,430319607.8,20130724
47.32,47.18,48.69,47.0,47.4,23988.0,10212100.0,488996847.9,20130731
46.58,47.91,48.59,46.23,46.7,18830.0,10294390.0,486837312.6,20130807
49.7,46.99,50.43,46.68,49.77,41155.0,14170430.0,696400185.6,20130814
49.46,48.99,51.13,48.7,49.54,26324.0,11141900.0,557140668.0,20130821
49.19,50.08,51.49,48.66,49,25203.0,10371430.0,515336803.1,20130828
50.51,49.31,51.2,48.62,50.3,46063.0,12587430.0,625185042.8,20130904
52.39,50.42,53.48,50.1,52.25,24791.0,10755010.0,558911719.4,20130911
54.66,52.4,54.66,51.72,54.48,20420.0,7553100.0,398898786.8,20130918
53.03,54.63,54.74,52.65,52.95,12849.0,5730480.0,305923332.0,20130925
51.91,52.85,53.04,50.98,51.84,15841.0,5132670.0,267605209.5,20131002
51.49,52.2,52.2,50.75,51.55,15715.0,5574190.0,285767270.2,20131009
54.5,51.96,55.37,51.41,54.75,19236.0,10010960.0,536036421.9,20131016
54.15,54.5,55.5,53.79,54.31,17260.0,5144160.0,280456524.2,20131023
52.94,54.66,54.66,52.6,52.6,20549.0,7402390.0,394250813.6,20131030
52.13,52.74,53.32,51.89,52.18,12752.0,8223030.0,433379989.9,20131106
51.09,52.04,52.71,50.13,51.05,13431.0,7601350.0,389745117.3,20131113
51.67,51.16,53.1,50.9,52.2,10889.0,3510640.0,182569455.5,20131122
51.28,51.79,51.9,50.07,51.19,13501.0,7944410.0,404116456.7,20131129
49.86,50.3,50.83,48.95,49.69,15638.0,5346250.0,265776880.7,20131206
48.75,50.1,50.12,48.7,48.98,12793.0,3884530.0,191580219.5,20131213
49.91,49.01,50.48,48.91,49.8,13623.0,9226160.0,455915950.2,20131220
49.08,50.27,50.78,49.06,49.11,8658.0,5575530.0,279081768.8,20140102
48.14,49.1,50.29,48.1,48.17,11275.0,5448480.0,268394913.2,20140109
48.54,48.14,49.29,48.01,48.62,23665.0,5691980.0,276371107.4,20140116
47.18,48.57,48.74,47.18,47.25,14652.0,4660480.0,223083892.5,20140123
46.07,47,47.36,45.96,46.15,15855.0,9651010.0,449808320.5,20140130
46.67,45.7,46.89,45.01,46.67,27815.0,9049430.0,414832213.8,20140206
46.82,46.83,47.74,45.98,46.62,25884.0,10887360.0,509882406.3,20140213
46.14,46.51,47.15,45.01,46.31,18237.0,7490120.0,345110463.9,20140220
46.55,46.3,46.67,45.26,46.5,32884.0,7018070.0,322675274.5,20140227
44.28,46.6,46.81,44.05,44.42,46136.0,5936130.0,269339035.4,20140310
44,44.66,45.06,43.77,44.03,23519.0,9169960.0,406432226.4,20140317
46.96,44.1,46.96,43.96,46.75,24836.0,10752360.0,491566267.9,20140324
49.09,47.07,49.16,46.75,49.1,28384.0,7620190.0,365491798.2,20140331
50.85,49.15,51.0,48.59,50.79,21995.0,9322360.0,467481944.7,20140407
50.3,51.54,52.09,49.24,50.32,19969.0,13209520.0,664319514.1,20140414
50.21,50,51.19,48.68,50.3,36424.0,18446090.0,925700912.5,20140423
50.29,50.25,51.06,49.55,50.21,19170.0,9818460.0,493330840.2,20140430
51.99,50.29,52.9,50.28,52.1,32871.0,8578070.0,446048925.4,20140508
52.52,52.16,53.09,51.71,52.49,12362.0,7918890.0,415104012.1,20140515
51.54,52.42,53.03,50.75,51.48,25029.0,7992060.0,413209625.4,20140522
50.92,51.5,52.0,50.63,50.9,29496.0,7930340.0,406348161.1,20140529
50.2,50.55,51.02,49.98,50.22,31911.0,7453780.0,375070352.1,20140605
53.44,51.8,53.99,51.31,53.37,34142.0,7878050.0,414099053.4,20140613
52.76,53.43,53.77,52.66,52.77,20781.0,8330890.0,443112962.8,20140623
51.69,52.73,53.55,51.31,51.65,20248.0,6186200.0,323141825.0,20140630
52.33,52.18,52.96,51.28,52.4,15389.0,4544750.0,236631882.4,20140707
54.49,52.33,54.62,52.01,54.52,20796.0,6008920.0,321742789.8,20140715
56.45,54.54,56.61,53.75,56.54,19184.0,9604770.0,528109416.6,20140722
55.66,56,56.92,55.57,55.67,25618.0,6807980.0,381100496.5,20140729
54.64,55.85,55.87,53.81,54.75,26142.0,6356530.0,347975829.4,20140805
54.94,54.66,55.55,53.85,54.94,28498.0,5988630.0,328358171.6,20140812
56.87,55.23,56.96,53.67,56.81,49504.0,8457080.0,465504519.8,20140819
58.2,56.87,58.99,56.58,58.37,20858.0,4116510.0,236801868.7,20140826
60.17,58.39,60.66,58.39,60.24,44951.0,7604800.0,453011636.6,20140902
57.15,60.48,60.68,56.73,57.01,32426.0,6068480.0,357223278.2,20140909
57.51,56.84,58.61,55.15,57.71,23694.0,8747700.0,495652504.4,20140916
54.82,58.12,58.43,54.44,55.13,27896.0,7919470.0,446244369.8,20140923
52.64,54.78,55.94,52.09,52.8,35514.0,12275500.0,659778004.0,20140930
55.87,51.92,57.74,51.04,55.86,31211.0,13205710.0,711470256.4,20141007
56.34,56.39,57.28,53.56,56.54,34207.0,12448870.0,695251464.5,20141014
51.03,55.17,55.28,50.06,51.1,45211.0,20104840.0,1065126969.1,20141021
50.82,50.99,51.8,46.71,50.92,46519.0,21366060.0,1068913731.9,20141028
52.88,50.98,52.98,49.11,52.94,48150.0,13095250.0,675406789.0,20141104
50.94,52.69,52.7,50.55,50.87,24564.0,6643060.0,342068109.9,20141111
50.64,50.87,52.01,49.1,50.55,19072.0,6811610.0,344872450.2,20141118
53.64,50.6,55.75,50.6,53.54,39527.0,19193350.0,1024461500.0,20141126
50.72,53.9,54.51,50.06,50.92,27082.0,10023780.0,518037040.2,20141203
48.05,51.2,51.2,47.92,48.45,18297.0,5664480.0,278559480.1,20141210
47.34,48.12,48.62,44.13,47.31,39799.0,13814770.0,640961791.9,20141217
48.63,47.66,49.8,46.89,48.79,26638.0,5890370.0,284350893.9,20141226
46.58,48.52,49.55,45.99,46.6,40197.0,9414120.0,449433013.9,20150106
46.64,47.04,48.89,46.64,46.8,45386.0,13742960.0,652705105.7,20150113
46.52,46.2,47.95,46.11,46.83,23464.0,9099550.0,427368307.1,20150120
47.34,47,48.99,46.07,47.12,35070.0,11853710.0,562831712.0,20150127
47.64,46.58,47.65,45.22,47.54,52164.0,13006750.0,599593137.9,20150203
47.16,47.52,48.42,46.8,47.69,68063.0,9326020.0,444256773.0,20150210
49.8,47.28,50.52,46.54,50.17,67290.0,10926860.0,528154559.9,20150219
50.31,49.9,50.81,49.28,50.39,49660.0,8264440.0,412963523.9,20150226
48.95,50.07,51.07,48.7,49,75853.0,11800790.0,586680975.3,20150305
47.45,48.91,48.96,46.95,47.55,39737.0,12114040.0,578393134.6,20150312
49.55,47.08,50.36,46.38,49.52,30781.0,17724560.0,860341723.4,20150319
49.11,50,50.86,49.07,49.3,29351.0,17364940.0,868374106.7,20150326
51.5,49.05,51.87,48.42,51.72,27340.0,13300460.0,666109080.6,20150402
52.65,51.77,52.99,51.77,52.8,25711.0,15000740.0,784852708.4,20150410
52.45,52.53,53.39,52.24,52.4,19287.0,8859450.0,467996312.5,20150417
53.96,52.46,55.38,52.02,54,33894.0,10704040.0,571543546.9,20150427
56.42,54.24,56.54,53.33,56.41,28979.0,12406820.0,673217209.2,20150505
55.18,56.45,56.9,54.91,0,18396.0,6362220.0,353391745.6,20150512
53.93,55.1,56.09,53.44,0,0.0,0.0,0.0,20150519
52.24,53.68,54.11,52.03,52.07,27846.0,9821910.0,518783404.8,20150526
52.62,52.24,52.79,51.14,52.62,47243.0,11467400.0,595013995.1,20150602
52.35,52.63,52.75,51.1,52.23,29587.0,14586480.0,754832544.5,20150610
51.64,52.61,52.72,51.06,51.76,23970.0,11325100.0,586641599.1,20150617
52.25,51.9,52.85,51.71,52.28,27561.0,7952190.0,416235273.2,20150624
51.24,52.31,52.56,51.1,51.39,25842.0,12259930.0,633514349.6,20150701
50.22,51.51,51.86,49.67,50.27,29921.0,7920930.0,401664179.0,20150708
51.52,51.16,51.91,50.71,51.69,12747.0,6904550.0,354703365.1,20150716
48.24,51.55,51.81,48.2,48.35,22352.0,8476090.0,421860918.1,20150723
47.78,48.16,48.4,47.2,47.55,4768.0,1761670.0,83849098.8,20150724
