9.62,9.17,9.87,8.92,9.62,116842.0,287266900.0,4911981195.0,20090703
9.75,9.52,9.76,9.04,9.73,57301.0,87858500.0,1535714037.0,20090713
9.67,9.78,10.26,9.62,9.67,40325.0,52244100.0,956558485.0,20090720
9.2,9.73,9.77,9.14,9.17,30230.0,44073100.0,770708413.0,20090727
9.6,9.16,9.83,9.14,9.58,22424.0,26023400.0,450732914.0,20090803
9.52,9.55,10.18,9.41,9.52,35857.0,41442400.0,731847597.0,20090810
9.15,9.5,9.5,8.9,9.14,21969.0,36923000.0,628533619.0,20090817
9.47,9.16,9.53,9.05,9.47,19908.0,16793800.0,284916130.0,20090824
9.02,9.47,9.57,8.71,8.97,25342.0,31313000.0,520340948.0,20090831
8.97,9,9.02,8.66,8.99,26599.0,21809900.0,351182954.0,20090908
8.71,9,9.0,8.67,8.71,29553.0,19015200.0,304559376.0,20090915
9.88,8.74,10.29,8.72,9.86,47595.0,41054400.0,716878261.0,20090922
9.56,9.9,10.0,9.53,9.54,16367.0,14189700.0,253061323.0,20090929
9.82,9.65,9.93,9.27,9.83,20693.0,23585400.0,412638072.0,20091006
9.56,9.76,9.84,9.29,9.57,23226.0,22071800.0,383229529.0,20091014
9.58,9.58,10.11,9.54,9.62,30044.0,33264700.0,596272462.0,20091021
8.87,9.67,9.71,8.38,8.87,23855.0,25463700.0,417429304.0,20091028
9.25,9.1,9.48,8.81,9.29,23192.0,17721100.0,297085684.0,20091105
9.19,9.28,9.37,8.99,9.12,14517.0,17208100.0,287742077.0,20091112
8.55,9.15,9.31,8.34,8.5,30587.0,34466800.0,556214886.0,20091119
8.87,8.72,9.04,8.66,8.88,19771.0,26654900.0,429299653.0,20091127
8.38,8.88,9.3,8.27,8.38,45762.0,48484000.0,776550341.0,20091204
8.15,8.45,8.45,7.32,8.17,68665.0,86799700.0,1245398605.0,20091211
7.92,8.24,8.34,7.68,7.93,25268.0,29047600.0,428989142.0,20091218
8.24,8.01,8.42,8.0,8.22,18418.0,15862000.0,236935296.0,20091229
8.81,8.21,8.88,8.14,8.81,17750.0,22350500.0,351163390.0,20100107
8.32,8.81,8.97,8.1,8.3,19460.0,18795100.0,288783404.0,20100114
8.05,8.32,8.42,7.88,8.02,11006.0,12818200.0,190075225.0,20100121
8.17,7.95,8.57,7.94,8.13,15680.0,17820800.0,268771207.0,20100129
7.98,8.22,8.55,7.64,7.94,29819.0,21575300.0,322424891.0,20100205
7.71,8.03,8.05,7.58,7.68,14042.0,12002600.0,169363302.0,20100212
7.82,7.77,7.92,7.51,7.82,28320.0,28325500.0,397198262.0,20100223
8.05,7.82,8.08,7.58,8.05,16500.0,15872800.0,226855888.0,20100302
8.15,8.08,8.22,7.88,8.14,18625.0,16097600.0,237149815.0,20100309
8.39,8.18,8.42,8.04,8.41,18518.0,15768000.0,232752276.0,20100316
9.47,8.38,9.72,8.34,9.52,31899.0,31174900.0,503833556.0,20100323
9.45,9.45,9.79,9.04,9.44,24903.0,25528500.0,425617439.0,20100330
8.9,9.31,9.79,8.87,8.91,21651.0,20281100.0,335050676.0,20100407
9.22,8.84,9.38,8.79,9.19,23178.0,15733200.0,250998632.0,20100414
9.71,9.19,9.75,9.03,9.69,16106.0,10969400.0,179799734.0,20100422
9.55,9.71,9.79,9.31,9.62,21843.0,20631800.0,346283776.0,20100429
9.32,9.65,9.79,9.15,9.44,36591.0,35267200.0,594441516.0,20100506
10.12,9.47,10.2,9.2,10.14,27574.0,22994300.0,395635965.0,20100513
8.42,9.95,10.29,8.28,8.49,42495.0,46124700.0,747317508.0,20100520
8.77,8.48,8.91,8.19,8.77,22435.0,18208500.0,274996589.0,20100527
8.74,8.63,9.17,8.47,8.74,18781.0,13108600.0,204711927.0,20100604
9.33,8.72,9.41,8.72,9.33,14605.0,7779900.0,124973088.0,20100611
9.5,9.33,9.84,9.28,9.48,26539.0,16142400.0,273807552.0,20100618
9.31,9.62,9.75,9.07,9.32,18832.0,12654700.0,206369841.0,20100625
8.51,9.31,9.4,8.42,8.5,19447.0,12377500.0,191272244.0,20100702
8.99,8.52,9.27,8.19,9.04,25328.0,14883300.0,230581316.0,20100712
9.12,9.11,9.48,9.07,9.15,17450.0,13459000.0,219618699.0,20100719
8.72,9.12,9.16,8.62,8.74,26247.0,15765800.0,246187000.0,20100726
8.92,8.85,9.15,8.58,8.93,34157.0,27355800.0,426518474.0,20100802
8.97,8.97,9.28,8.82,8.99,22089.0,16913500.0,269005100.0,20100809
8.99,8.94,9.12,8.74,8.99,18493.0,14697500.0,232022824.0,20100816
8.74,9.02,9.14,8.67,8.74,18641.0,15493000.0,241407033.0,20100823
8.57,8.69,8.84,8.3,8.57,18719.0,14229000.0,214687328.0,20100830
8.6,8.55,8.74,8.42,8.58,21870.0,16669400.0,252299627.0,20100906
8.8,8.57,8.84,8.54,8.77,17599.0,14573200.0,222890196.0,20100914
8.97,8.77,9.01,8.57,8.97,29738.0,23756700.0,352736577.0,20100921
8.83,8.96,9.08,8.53,8.83,42550.0,27116600.0,403299205.0,20100928
8.97,8.86,9.01,8.59,8.96,29802.0,20996000.0,311994837.0,20101005
9.02,9.01,9.07,8.49,8.97,36523.0,26022700.0,388067394.0,20101013
8.65,9.05,9.14,8.48,8.71,33118.0,23168100.0,344270699.0,20101020
8.71,8.66,8.77,8.24,8.72,26482.0,19568200.0,280296162.0,20101027
8.55,8.6,8.77,8.45,8.56,30593.0,25242800.0,367523700.0,20101104
8.65,8.54,8.86,8.37,8.67,22281.0,14111400.0,204516068.0,20101111
8.77,8.63,8.92,8.6,8.81,22203.0,12274800.0,182114374.0,20101119
8.52,8.73,8.81,8.42,8.52,19178.0,8316200.0,121038313.0,20101126
9.07,8.47,9.15,8.45,9.1,26477.0,17426500.0,261291974.0,20101203
8.27,9.07,9.14,8.18,8.26,38648.0,24444500.0,353447491.0,20101210
8.06,8.32,8.36,7.67,8.05,28247.0,17068800.0,234319894.0,20101217
7.77,8.07,8.07,7.76,7.77,13366.0,8452700.0,112795502.0,20101227
7.85,7.82,8.11,7.75,7.85,16010.0,11353500.0,151588571.0,20110104
7.69,7.8,7.86,7.62,7.67,18755.0,16417000.0,214719394.0,20110111
7.67,7.71,7.72,7.53,7.67,17184.0,13475500.0,174184178.0,20110118
7.62,7.68,7.72,7.26,7.6,19755.0,26747200.0,341218238.0,20110126
6.94,7.63,7.67,6.89,6.92,27864.0,17980100.0,220685853.0,20110202
6.56,6.92,7.19,6.51,6.57,31494.0,28967500.0,332568240.0,20110209
7.11,6.62,7.15,6.59,7.09,24461.0,25725800.0,299001929.0,20110216
7.92,7.11,8.11,7.09,7.92,37205.0,30903900.0,404662190.0,20110223
7.72,7.89,8.08,7.47,7.71,25784.0,14738300.0,194702141.0,20110302
8.35,7.74,8.49,7.67,8.31,23859.0,14448400.0,199762966.0,20110311
8.37,8.71,9.0,8.15,8.37,23753.0,17346700.0,238083553.0,20110318
8.63,8.42,8.72,8.19,8.63,17228.0,12411300.0,170807464.0,20110325
8.83,8.61,8.86,8.24,8.82,22471.0,13111100.0,182107046.0,20110401
8.52,8.86,9.08,8.37,8.52,22918.0,18904000.0,267093882.0,20110408
8.43,8.55,8.66,8.35,8.42,21621.0,12343800.0,169468815.0,20110415
8.55,8.43,8.77,8.18,8.54,24079.0,13946800.0,192226022.0,20110426
8.92,8.55,9.47,8.49,8.97,35156.0,29044600.0,400090813.0,20110503
9.86,8.97,10.24,8.87,9.85,38767.0,29882400.0,391756229.0,20110510
9.7,9.8,9.97,9.42,9.73,28000.0,17826600.0,232093922.0,20110517
9.72,9.68,9.8,9.22,9.71,29324.0,15791400.0,202465332.0,20110524
9.72,9.7,9.97,9.48,9.63,31453.0,14301900.0,235554066.0,20110531
9.67,9.67,9.99,9.66,9.74,15434.0,4983400.0,198558009.0,20110607
9.82,9.7,9.92,9.59,9.8,12009.0,4906400.0,194079193.0,20110614
9.43,9.67,9.85,9.27,9.44,16956.0,7681600.0,296511819.0,20110621
9.48,9.43,9.58,9.23,9.47,17421.0,5242700.0,200327389.0,20110629
9.61,9.52,9.83,9.43,9.62,12729.0,3947200.0,153641021.0,20110706
9.99,9.72,10.03,9.5,9.99,15449.0,5750500.0,227411699.0,20110713
10.01,9.98,10.11,9.78,9.96,23504.0,5804300.0,234401594.0,20110720
10.17,10.06,10.67,9.93,10.17,28110.0,7700400.0,318822412.0,20110727
10.77,10.25,10.98,10.25,10.82,26740.0,8007200.0,345988417.0,20110803
10.02,10.69,10.8,9.78,10.02,37055.0,16248800.0,673947897.0,20110810
9.7,10.03,10.12,9.59,9.7,35125.0,11825900.0,471525810.0,20110817
9.62,9.63,9.73,9.42,9.61,25000.0,7529100.0,293048614.0,20110824
10.17,9.52,10.24,9.45,10.17,30504.0,9410000.0,377340598.0,20110831
10.6,10.26,10.75,10.14,10.6,30078.0,10748100.0,451944459.0,20110908
10.97,10.47,11.0,10.31,10.92,27671.0,8506000.0,366899413.0,20110915
10.96,11.05,11.34,10.62,10.92,31199.0,9446700.0,412888109.0,20110922
10.64,10.87,10.92,10.51,10.67,25655.0,6192000.0,261827895.0,20110929
10.93,10.62,11.07,10.29,10.89,30983.0,8739600.0,367687962.0,20111006
11.22,11.08,11.64,10.84,11.21,37037.0,10987200.0,484110767.0,20111014
11.43,11.09,11.57,10.92,11.41,24672.0,6347100.0,285335348.0,20111021
11.54,11.48,11.95,11.37,11.58,21328.0,5923200.0,271880500.0,20111028
11.89,11.55,12.12,11.19,11.88,22050.0,5874600.0,271842287.0,20111107
12.27,11.92,12.27,11.79,12.27,18121.0,4874000.0,231632720.0,20111114
11.5,12.27,12.65,11.37,11.52,31978.0,9333600.0,439514748.0,20111122
11.87,11.47,11.99,11.47,11.89,21601.0,6249700.0,291375669.0,20111129
11.89,12.1,12.51,11.53,11.89,34177.0,10430000.0,496727429.0,20111206
11.89,11.93,12.02,11.66,11.89,26681.0,7139000.0,335441890.0,20111213
12.03,11.95,12.19,11.68,12.04,37289.0,9897500.0,466343219.0,20111220
12.07,12.03,12.22,11.8,12.07,20135.0,5295100.0,251613781.0,20111227
12.33,12.11,12.44,12.02,12.32,26515.0,6140800.0,297277568.0,20120104
12.37,12.2,12.37,12.0,12.34,31098.0,6801700.0,326759262.0,20120111
12.79,12.35,12.94,12.25,12.79,25736.0,6267700.0,310607331.0,20120118
12.91,12.89,13.16,12.72,12.91,29367.0,6649400.0,341069643.0,20120126
13.66,12.93,13.8,12.85,13.67,39742.0,13199000.0,694495284.0,20120202
14.12,13.62,14.72,13.48,14.14,54754.0,19886900.0,1118840214.0,20120209
15.11,14.12,15.21,13.69,15.11,31386.0,9895400.0,558075213.0,20120216
15.15,15.27,15.27,14.53,15.13,33321.0,10643800.0,628011635.0,20120227
16.19,15.15,16.19,15.06,16.19,29661.0,8398800.0,520166768.0,20120305
15.54,16.12,16.3,15.46,15.54,23547.0,6919700.0,432232161.0,20120312
15.42,15.54,15.68,15.21,15.41,22539.0,7317100.0,444382832.0,20120319
15.58,15.39,15.64,15.17,15.59,15383.0,4525000.0,268642238.0,20120326
16.44,15.69,16.51,15.6,16.44,17758.0,6604200.0,406974378.0,20120402
16.65,16.44,17.14,16.12,16.62,17091.0,4946300.0,318006240.0,20120410
15.91,16.65,17.07,15.52,15.9,27029.0,8387000.0,530465932.0,20120417
15.95,16.13,16.23,14.83,15.96,25092.0,7979900.0,455634421.0,20120424
18.09,16.15,18.45,16.02,18.09,37146.0,15487200.0,868308999.0,20120502
18.07,18.1,18.22,17.3,18.08,30243.0,8707600.0,497184067.0,20120509
17.76,18.07,18.72,17.52,17.76,35170.0,8892700.0,520801078.0,20120516
16.23,17.82,17.96,15.76,16.18,44137.0,11961300.0,651448763.0,20120523
16.38,15.88,16.94,15.66,16.37,35288.0,10242600.0,535325400.0,20120530
17.67,16.55,17.67,16.05,17.67,31369.0,8565900.0,469021422.0,20120606
17.35,17.74,18.12,17.15,17.35,39885.0,9752900.0,550275443.0,20120614
17.47,17.46,17.97,16.06,17.52,37079.0,13326200.0,745483631.0,20120621
18.32,17.54,18.47,17.14,18.34,25184.0,6076300.0,352391513.0,20120628
18.56,18.48,18.8,17.81,18.67,29785.0,7737700.0,457151108.0,20120705
18.68,18.5,18.85,18.17,18.68,30394.0,6783700.0,406196695.0,20120713
19.72,18.76,19.87,18.76,19.68,27681.0,7648700.0,476795681.0,20120720
19.28,19.52,19.68,18.49,19.28,33202.0,8403100.0,516723304.0,20120727
19.17,19.22,19.42,18.29,19.16,41901.0,9176200.0,557377890.0,20120803
18.94,19.21,19.79,18.77,18.97,27310.0,7158200.0,440928156.0,20120810
18.62,18.89,18.95,18.47,18.59,24673.0,5934200.0,357899887.0,20120817
18.1,18.53,18.76,17.67,18.1,29379.0,8593400.0,503614020.0,20120824
18.67,18.14,19.18,18.14,18.68,31176.0,7625500.0,459820553.0,20120831
18.61,18.6,19.18,18.5,18.66,25334.0,5996900.0,364802643.0,20120910
18.44,18.42,19.1,18.13,18.44,41389.0,12755800.0,753184396.0,20120917
18.25,18.38,19.65,18.07,18.27,36676.0,10448100.0,618126917.0,20120924
15.92,18.06,18.11,15.62,15.99,73277.0,26241100.0,1382704677.0,20121001
16.72,16.17,16.94,15.74,16.77,46532.0,16865900.0,868633322.0,20121008
16.02,16.59,16.72,16.02,16.02,37393.0,11381800.0,583720200.0,20121016
14.19,16.15,16.82,14.19,14.2,49413.0,23440700.0,1129394583.0,20121023
16.32,14.39,16.37,14.17,16.3,49284.0,20497300.0,979450179.0,20121030
17.25,16.5,17.35,15.77,17.23,36123.0,11689300.0,614496618.0,20121108
17.4,17.26,17.53,16.87,17.49,27585.0,7756200.0,420385830.0,20121116
17.57,17.32,17.81,17.11,17.68,23810.0,7398900.0,406802886.0,20121126
17.55,17.62,18.43,17.27,17.54,32662.0,9194000.0,514724780.0,20121203
17.46,17.52,17.62,17.02,17.48,27443.0,9803400.0,534256833.0,20121210
17.35,17.47,17.72,17.19,17.36,34559.0,9165800.0,501908560.0,20121217
17.48,17.41,17.81,17.1,17.48,21652.0,8697900.0,477567421.0,20121226
18.71,17.39,18.78,17.39,18.73,27725.0,9568700.0,553330213.0,20130104
17.56,18.55,18.91,17.39,17.57,32966.0,13173800.0,748566750.0,20130111
17.38,17.53,17.76,17.12,17.38,35967.0,11428300.0,627582833.0,20130118
17.39,17.35,17.83,17.27,17.42,24690.0,8038000.0,443723675.0,20130128
18.35,17.52,18.49,17.4,18.32,35916.0,9855500.0,555577204.0,20130204
17.34,18.35,18.5,17.2,17.33,39416.0,12571000.0,705414204.0,20130213
18.04,17.34,18.43,17.34,18.09,40253.0,10586600.0,595837187.0,20130220
18.92,18.19,19.39,17.9,18.94,48603.0,12858500.0,755966037.0,20130227
18.86,18.92,19.22,18.76,18.9,35029.0,12373200.0,735843234.0,20130306
18.42,19.03,19.04,17.89,18.38,39118.0,13642500.0,799039859.0,20130313
18.58,18.13,19.02,17.95,18.61,32115.0,11441500.0,652601376.0,20130320
19.15,18.62,19.18,18.29,19.15,29292.0,12248800.0,703516781.0,20130327
19.24,19.12,19.6,19.09,19.22,25862.0,6779300.0,402496393.0,20130404
20.3,19.35,20.78,19.19,20.3,37140.0,13459900.0,831850200.0,20130411
20.5,20.28,20.78,20.02,20.63,31752.0,8186900.0,516027110.0,20130418
20.56,20.71,21.2,20.35,20.55,25496.0,7975400.0,510209281.0,20130425
21.05,20.48,21.62,19.84,21.07,47668.0,13455700.0,730754722.0,20130503
21.37,21.17,21.58,21.01,21.39,31658.0,9601400.0,525283182.0,20130510
20.54,21.33,22.23,20.2,20.53,36658.0,16543600.0,893633070.0,20130517
21.21,20.42,21.27,20.2,21.23,41775.0,14491600.0,770903807.0,20130524
21.61,21.2,21.75,20.91,21.54,33567.0,8636600.0,472246778.0,20130603
20.73,21.61,22.05,20.65,20.71,33445.0,10270000.0,561245782.0,20130610
20.78,20.73,20.97,20.28,20.73,37602.0,8552500.0,451283646.0,20130617
20.26,20.52,21.19,19.75,20.26,43698.0,10991300.0,575283468.0,20130624
22.01,20.42,22.16,20.08,22.01,36447.0,9024700.0,493084582.0,20130701
21.55,21.97,22.21,21.22,21.66,30748.0,9422900.0,524435171.0,20130708
22.11,21.74,22.24,21.56,22.22,23858.0,6495600.0,362901923.0,20130716
21.61,22.24,22.24,21.34,21.51,23740.0,7275600.0,403840650.0,20130723
21.68,21.63,21.91,21.27,21.68,22460.0,5605500.0,309810966.0,20130730
21.5,21.62,22.21,21.33,21.48,25905.0,5648200.0,316031268.0,20130806
22,21.49,22.17,21.27,22,32939.0,7926700.0,441866294.0,20130813
21.86,21.98,22.2,21.57,21.86,36984.0,9525400.0,534954197.0,20130820
22.71,21.74,23.03,21.71,22.72,41818.0,12725600.0,733524367.0,20130827
22.52,22.69,23.3,22.07,22.54,37441.0,12563600.0,727737997.0,20130903
22.44,22.51,22.64,21.38,22.44,43623.0,11107600.0,635627956.0,20130910
23.07,22.44,23.17,22.05,23.11,29290.0,7997500.0,458900402.0,20130917
22.77,23.07,23.61,22.61,22.76,29725.0,10195200.0,590869652.0,20130924
24.26,22.74,24.35,22.35,24.32,36532.0,9182700.0,547228798.0,20131001
24.96,24.21,25.54,24.08,24.96,31216.0,8056100.0,503751876.0,20131008
26.17,24.96,26.27,24.67,26.17,34614.0,10857700.0,699823899.0,20131015
25.91,26.22,26.83,25.83,25.94,32195.0,12113600.0,799616347.0,20131022
26.61,25.96,26.65,25.66,26.63,26739.0,6034000.0,398323967.0,20131029
26.51,26.56,27.45,26.36,26.51,27360.0,7991500.0,539297261.0,20131105
25.81,26.51,27.29,25.74,25.78,32060.0,8068400.0,533395312.0,20131112
26.51,25.81,26.86,25.72,26.44,33337.0,7004100.0,465506953.0,20131121
26.78,26.31,26.92,26.09,26.77,22726.0,6173100.0,412244839.0,20131128
26.26,26.87,27.06,26.06,26.31,25091.0,4985100.0,332130067.0,20131205
25.87,26.49,26.49,25.23,25.87,32226.0,9956800.0,648145103.0,20131212
26.14,25.87,26.61,25.53,26.16,29988.0,8474000.0,556159177.0,20131219
26.06,26.14,26.73,25.87,26.06,18163.0,5484100.0,361208854.0,20131230
26.89,26.12,27.37,25.93,27.06,35477.0,12860200.0,867436309.0,20140108
26.51,27.06,27.11,26.26,26.51,26402.0,9495100.0,637586203.0,20140115
26.3,26.51,26.69,25.78,26.18,20172.0,5465400.0,361498300.0,20140122
25.16,26.3,26.51,24.66,25.16,39476.0,9054500.0,576732964.0,20140129
24.83,25.28,25.86,24.71,24.89,34036.0,10708100.0,681707856.0,20140205
25.88,24.93,26.48,24.71,25.91,42601.0,9847500.0,639787454.0,20140212
25.86,26.01,26.33,25.38,25.91,29391.0,6454400.0,420468955.0,20140219
25.5,25.75,26.09,25.34,25.51,28610.0,5796200.0,373997837.0,20140226
26.05,25.69,26.11,25.15,26.04,33736.0,8177600.0,527731088.0,20140307
26.73,25.94,27.41,25.94,26.73,31303.0,8622600.0,581160442.0,20140314
28.48,26.94,28.83,26.75,28.47,35580.0,7843900.0,542667964.0,20140321
28.93,28.47,29.12,28.29,28.89,31748.0,8683400.0,617046348.0,20140328
28.98,29.11,30.46,28.73,28.96,55659.0,20999100.0,837244490.0,20140404
29.85,29.26,30.18,28.79,29.83,44111.0,15673800.0,569872079.0,20140411
31.6,30.05,31.61,29.04,31.56,48271.0,14757800.0,548947299.0,20140422
31.35,31.66,31.76,30.66,31.35,44715.0,13496400.0,519769709.0,20140429
31.58,31.31,33.23,31.11,31.55,67269.0,24129100.0,949231658.0,20140507
31.41,31.61,32.08,31.2,31.4,40126.0,10367000.0,403336169.0,20140514
31.62,31.27,31.91,30.66,31.52,48177.0,11882700.0,460136872.0,20140521
32.91,31.76,33.14,31.59,32.86,35283.0,9426900.0,377553409.0,20140528
33.52,32.91,33.83,32.19,33.51,41621.0,12574000.0,512086760.0,20140604
36.15,33.38,36.18,33.32,36.06,51064.0,15158700.0,654616693.0,20140611
36.44,36.17,36.79,35.76,36.47,43781.0,11333000.0,508044345.0,20140620
37.36,36.31,37.82,36.31,37.27,44611.0,15051900.0,693044439.0,20140627
36.63,37.38,37.46,35.45,36.63,41692.0,13766500.0,617922317.0,20140704
37.43,36.55,38.16,36.29,37.4,48860.0,11229900.0,515518536.0,20140714
36.16,37.4,37.43,34.04,36.09,75484.0,19268200.0,843895985.0,20140721
36.35,36.02,36.7,35.56,36.34,44866.0,11820000.0,529491613.0,20140728
34.77,36.18,36.45,33.06,34.64,62177.0,24791300.0,1052070536.0,20140804
34.32,34.72,34.72,32.81,34.43,68238.0,21381000.0,885318954.0,20140811
35.43,34.51,35.66,34.1,35.46,57475.0,13010600.0,560685117.0,20140818
34.76,35.48,35.66,33.23,34.73,52801.0,14619700.0,616433941.0,20140825
32.99,34.75,35.13,32.99,33.11,61043.0,20603100.0,864149304.0,20140901
33.4,33.15,34.08,32.41,33.47,59656.0,17071400.0,702974941.0,20140908
33.34,33.23,33.98,32.23,33.36,57718.0,16114800.0,657398620.0,20140915
32.1,33.51,34.36,32.07,32.11,64848.0,17001800.0,686683303.0,20140922
32.39,31.98,32.66,30.63,32.36,70532.0,23737900.0,917858781.0,20140929
33.16,32.1,33.76,31.08,33.24,88112.0,24721500.0,971205816.0,20141006
33.79,33.79,34.43,32.96,33.61,62447.0,19445700.0,798383191.0,20141013
30.98,33.77,33.77,29.84,30.99,93447.0,42653400.0,1620857346.0,20141020
31.24,30.49,31.63,28.86,30.93,94278.0,28706100.0,1061658417.0,20141027
33.76,31.4,33.79,31.11,33.68,61901.0,18167900.0,714473565.0,20141103
31.01,33.08,33.78,30.94,30.96,52523.0,18337000.0,711305958.0,20141110
33.02,30.84,33.12,30.81,33.03,44259.0,16446100.0,637455529.0,20141117
36.29,33.1,36.73,33.06,36.26,85812.0,49265200.0,2104245058.0,20141125
35.28,36.57,36.67,34.28,35.28,52821.0,16267000.0,702516372.0,20141202
34.11,35.6,35.61,33.48,34.11,55912.0,15388400.0,645214302.0,20141209
32.95,34.11,35.01,31.81,32.87,68108.0,17149400.0,696162389.0,20141216
32.43,32.65,33.91,32.21,32.76,50833.0,13879900.0,556372676.0,20141223
31.56,32.78,34.51,31.45,31.55,44923.0,15095000.0,607114310.0,20150105
31.84,31.76,32.9,30.91,31.9,71525.0,21885700.0,839605507.0,20150112
31.31,32.18,32.72,30.13,31.31,69563.0,20838700.0,800876180.0,20150119
31.16,31.87,32.64,30.95,31.03,44482.0,13857300.0,536531979.0,20150126
32.93,31.09,33.54,30.49,32.96,97424.0,23276800.0,921187160.0,20150202
34.54,33.26,34.85,32.91,34.55,82828.0,21204700.0,873598412.0,20150209
35.57,34.09,36.26,33.6,35.54,78377.0,20085400.0,856307463.0,20150218
35.47,35.97,35.97,35.19,35.56,49660.0,14389600.0,621574225.0,20150225
36.26,35.61,37.03,35.25,36.26,64408.0,14492700.0,638260534.0,20150304
37.16,36.41,37.16,35.26,37,66965.0,21458300.0,946340061.0,20150311
39.41,37.41,39.48,35.84,39.32,79519.0,26511200.0,1198970323.0,20150318
38.75,39.37,39.5,38.21,38.81,25125.0,7110100.0,332672621.0,20150320
