5.79,5.75,5.93,5.54,5.78,0.0,9899600.0,0.0,20080108
5.59,5.83,6.1,5.59,5.6,0.0,8611500.0,0.0,20080115
5.36,5.54,5.71,5.07,5.35,0.0,9147100.0,0.0,20080122
4.92,5.28,5.35,4.86,4.88,0.0,13089900.0,0.0,20080130
4.98,4.88,5.07,4.81,5,0.0,13063100.0,0.0,20080208
5.48,5.05,5.59,4.98,5.49,0.0,12193500.0,0.0,20080215
5.58,5.54,5.65,5.24,5.54,0.0,5473300.0,0.0,20080222
5.65,5.54,5.88,5.45,5.65,0.0,10476600.0,0.0,20080229
5.5,5.65,6.05,5.44,5.51,0.0,12295000.0,0.0,20080307
5.45,5.51,5.56,5.24,5.45,0.0,6056000.0,0.0,20080314
5.33,5.35,5.51,5.18,5.33,0.0,8553400.0,0.0,20080324
5.58,5.45,5.58,5.09,5.57,0.0,11457000.0,0.0,20080331
5.64,5.63,6.13,5.57,5.65,0.0,10946000.0,0.0,20080407
5.54,5.62,5.86,5.54,5.58,0.0,5931000.0,0.0,20080414
6.01,5.6,6.1,5.52,6.01,0.0,7174700.0,0.0,20080422
6.11,6.03,6.43,5.97,6.1,0.0,6472800.0,0.0,20080429
6.63,6.13,6.93,6.13,6.61,0.0,9397100.0,0.0,20080507
6.58,6.7,6.81,6.46,6.57,0.0,6508500.0,0.0,20080514
6.89,6.57,7.41,6.55,6.94,9640.0,10855400.0,260796036.0,20080521
7.08,6.8,7.37,6.66,7.08,12262.0,7488200.0,276981848.0,20080529
7.47,7.16,7.57,6.99,7.49,12526.0,9978000.0,387330346.0,20080605
7.44,7.52,7.55,7.18,7.47,7809.0,6059700.0,238356611.0,20080612
7.35,7.32,7.47,7.16,7.34,7636.0,9006600.0,347466657.0,20080619
7.22,7.36,7.42,6.99,7.34,10134.0,7941600.0,304405399.0,20080626
6.89,7.33,7.47,6.8,6.89,8932.0,7180100.0,277371542.0,20080703
7.41,6.89,7.53,6.8,7.36,10132.0,6592200.0,251112146.0,20080711
7.7,7.54,7.97,7.36,7.77,12817.0,8021400.0,326626557.0,20080718
7.52,7.76,7.84,7.21,7.55,17306.0,10489100.0,418946136.0,20080725
6.93,7.5,7.68,6.91,6.94,16482.0,10662500.0,404158982.0,20080801
6.81,6.97,7.15,6.62,6.86,14633.0,9564000.0,351110578.0,20080808
6.8,6.82,6.89,6.35,6.74,13222.0,8715400.0,305231106.0,20080815
6.77,6.79,7.03,6.46,6.76,9252.0,6206500.0,223438247.0,20080822
6.65,6.89,6.98,6.58,6.63,12777.0,7742300.0,278228610.0,20080829
6.26,6.52,6.7,6.05,6.23,9946.0,6333600.0,213571367.0,20080905
5.97,6.32,6.44,5.7,5.97,15066.0,8891000.0,283250522.0,20080912
6.49,5.89,6.57,5.42,6.5,27089.0,15934600.0,500658867.0,20080919
6.87,6.5,6.95,6.3,6.88,14952.0,8049200.0,283347716.0,20080926
7.11,6.74,7.4,6.44,7.04,17087.0,9526600.0,354120193.0,20081003
5.54,6.83,7.03,5.23,5.65,23171.0,12899900.0,423270163.0,20081010
6.14,6.05,6.61,5.83,6.2,19283.0,9572200.0,314483113.0,20081017
5.57,6.2,6.63,5.44,5.58,24045.0,9279900.0,297821034.0,20081024
6.22,5.54,6.44,5.46,6.2,21497.0,9607000.0,309799303.0,20081031
6.42,6.28,6.8,5.89,6.28,15631.0,6981400.0,234493280.0,20081107
6.93,6.65,6.94,6.07,6.85,18956.0,7911000.0,270523796.0,20081114
7.04,6.61,7.28,6.61,7.04,17784.0,7948100.0,296732826.0,20081124
6.47,6.98,7.31,6.46,6.46,15412.0,7796200.0,288971018.0,20081201
6.78,6.7,7.1,6.48,6.87,19740.0,12363800.0,446448149.0,20081208
6.2,6.83,6.91,6.06,6.2,18457.0,11499700.0,390464114.0,20081215
5.79,6.27,6.42,5.73,5.8,26239.0,11424600.0,365474812.0,20081222
6.2,5.86,6.27,5.7,6.2,12528.0,5080200.0,159936288.0,20090102
6.13,6.2,6.2,5.89,6.14,17235.0,7455500.0,238787190.0,20090109
6.33,6.1,6.4,6.06,6.38,14351.0,6677000.0,219866473.0,20090116
6,6.38,6.38,5.81,6.05,14416.0,5341000.0,170771075.0,20090123
5.93,6.05,6.11,5.92,5.93,11524.0,5251400.0,166649580.0,20090130
6.01,5.88,6.03,5.79,6,14552.0,6238600.0,194866025.0,20090206
6.05,5.98,6.34,5.91,6.04,20307.0,6805800.0,220548485.0,20090213
6.05,6.05,6.16,5.89,6.1,17492.0,5464800.0,174446319.0,20090220
5.93,5.95,6.29,5.82,5.92,19211.0,5938400.0,191834995.0,20090303
6.19,5.96,6.27,5.91,6.2,13336.0,4660300.0,150020644.0,20090310
6.1,6.27,6.29,5.9,6.1,16503.0,6175900.0,197654704.0,20090317
6.33,6.05,6.43,6.03,6.3,17247.0,7449200.0,247880369.0,20090324
6.46,6.35,6.61,6.2,6.53,15781.0,5887300.0,200013852.0,20090331
6.54,6.36,6.99,6.35,6.55,18174.0,7469700.0,267231811.0,20090407
6.35,6.58,6.86,6.25,6.35,17860.0,9241100.0,319009057.0,20090415
6.43,6.36,6.58,6.35,6.45,17017.0,5998100.0,205648400.0,20090423
6.62,6.22,6.84,6.13,6.63,30437.0,14440300.0,464442014.0,20090430
6.47,6.71,6.78,6.38,6.46,25478.0,15525900.0,408974169.0,20090508
6.64,6.43,6.75,6.28,6.7,23505.0,12498200.0,329948332.0,20090515
6.4,6.76,6.78,6.22,6.4,19250.0,10977700.0,285264269.0,20090522
6.57,6.44,6.65,6.36,6.55,14205.0,9186700.0,239286680.0,20090529
6.94,6.66,6.99,6.38,6.96,28871.0,15236600.0,407069736.0,20090605
6.96,6.94,7.2,6.73,6.97,29964.0,10263700.0,286719741.0,20090615
6.64,7.02,7.1,6.62,6.64,23745.0,9300800.0,253054040.0,20090622
6.69,6.58,6.77,6.45,6.68,21964.0,8955100.0,235521664.0,20090629
6.54,6.7,6.76,6.45,6.54,15050.0,5826400.0,153782741.0,20090706
6.35,6.52,6.57,6.35,6.35,27679.0,10312700.0,267311443.0,20090714
6.44,6.47,6.54,6.38,6.45,18815.0,9443400.0,244638912.0,20090721
6.58,6.43,6.58,6.36,6.58,16121.0,9831400.0,253713863.0,20090728
6.89,6.57,6.95,6.5,6.91,25649.0,11337500.0,306987611.0,20090804
6.94,6.91,7.16,6.81,6.96,21307.0,8554400.0,240077543.0,20090811
6.76,6.98,7.1,6.7,6.77,19694.0,7408500.0,203578842.0,20090818
6.8,6.74,6.89,6.7,6.79,13062.0,5907700.0,161154410.0,20090825
6.8,6.83,6.97,6.77,6.79,11549.0,6403000.0,176121187.0,20090901
6.91,6.78,6.94,6.62,6.91,16850.0,8357000.0,225931912.0,20090909
6.91,6.91,7.0,6.74,6.89,19926.0,8117300.0,223321272.0,20090916
6.69,6.89,6.97,6.69,6.7,17847.0,9272000.0,253216339.0,20090923
6.71,6.74,6.77,6.62,6.74,16498.0,7756600.0,207938386.0,20090930
6.7,6.7,6.83,6.55,6.71,19519.0,8323900.0,223701270.0,20091007
7.1,6.74,7.15,6.69,7.1,24928.0,10709500.0,296810871.0,20091015
7.1,7.04,7.31,6.91,7.15,18931.0,7475100.0,213914667.0,20091022
7,7.23,7.25,6.79,7.04,22392.0,7971900.0,222992847.0,20091029
6.96,7.05,7.06,6.77,6.94,17566.0,7134400.0,196689277.0,20091106
7.2,6.97,7.28,6.94,7.18,19900.0,7336100.0,209947059.0,20091113
7.28,7.17,7.57,7.17,7.24,15623.0,5916100.0,174930176.0,20091123
7.67,7.32,7.88,7.22,7.66,17931.0,8513600.0,259723345.0,20091130
8.29,7.69,8.3,7.69,8.23,13792.0,7503000.0,241492136.0,20091207
8.34,8.16,8.63,8.02,8.34,17643.0,10269000.0,347676716.0,20091214
7.54,8.27,8.34,7.5,7.5,19745.0,9792200.0,308426066.0,20091221
7.83,7.63,7.88,7.44,7.81,14783.0,6040100.0,184876307.0,20091230
7.77,7.88,7.98,7.61,7.77,16311.0,7376000.0,231028592.0,20100108
7.47,7.77,7.8,7.4,7.48,15533.0,6952500.0,212849384.0,20100115
7.34,7.48,7.51,7.24,7.3,18224.0,9177000.0,271210727.0,20100122
7.78,7.28,7.94,7.22,7.8,20160.0,10558400.0,324726969.0,20100201
7.4,7.78,7.83,7.06,7.44,17092.0,7709600.0,230472139.0,20100208
7.66,7.54,7.77,7.44,7.65,13904.0,5905200.0,179925933.0,20100217
7.31,7.67,7.7,7.22,7.31,17732.0,6058500.0,180933296.0,20100224
7.57,7.22,7.6,7.16,7.56,13599.0,7086800.0,210836603.0,20100303
7.63,7.59,7.7,7.5,7.63,12673.0,4951800.0,150987368.0,20100310
7.57,7.61,7.64,7.43,7.55,11193.0,4378000.0,132189144.0,20100317
7.4,7.57,7.59,7.2,7.4,16454.0,8593900.0,254313589.0,20100324
7.39,7.49,7.53,7.31,7.38,13586.0,6151700.0,183443677.0,20100331
7.35,7.42,7.5,7.33,7.34,12181.0,5788900.0,171600440.0,20100408
7.44,7.34,7.49,7.24,7.44,13816.0,6895500.0,203235507.0,20100415
7.75,7.42,7.75,7.34,7.72,15159.0,7758100.0,233669511.0,20100423
7.84,7.72,7.96,7.62,7.94,18227.0,9767200.0,295007576.0,20100430
7.72,7.8,8.21,7.39,7.7,21788.0,9466900.0,259793549.0,20100507
7.7,8.06,8.1,7.67,7.78,14441.0,6078200.0,167155003.0,20100514
7.53,7.7,8.07,7.42,7.5,23906.0,9655100.0,258210831.0,20100521
7.39,7.5,7.7,7.36,7.4,15250.0,6313200.0,164304204.0,20100528
7.12,7.47,7.5,6.89,7.12,30326.0,12405500.0,307528491.0,20100607
7.19,7.12,7.25,7.01,7.16,14792.0,6343900.0,157794068.0,20100614
7.4,7.19,7.44,7.19,7.41,15889.0,8074200.0,205705358.0,20100621
7.64,7.38,7.65,7.35,7.65,12607.0,5184800.0,134836123.0,20100628
7.67,7.56,7.71,7.35,7.58,14175.0,5985000.0,156266599.0,20100705
7.5,7.74,7.74,7.34,7.51,15349.0,6982000.0,182980792.0,20100713
7.22,7.45,7.48,7.16,7.22,17112.0,6669600.0,168186462.0,20100720
7.53,7.22,7.55,7.1,7.51,18390.0,7337100.0,187526887.0,20100727
7.55,7.53,7.68,7.44,7.55,14030.0,5987100.0,157289980.0,20100803
7.53,7.55,7.63,7.44,7.53,11832.0,4690300.0,122778015.0,20100810
7.31,7.42,7.52,7.21,7.31,12632.0,4848300.0,123593155.0,20100817
7.59,7.34,7.63,7.22,7.59,19397.0,10176400.0,262445835.0,20100824
8.07,7.56,8.29,7.44,8.08,31401.0,18030800.0,497577761.0,20100831
7.7,8.07,8.35,7.66,7.7,20607.0,8370000.0,232240668.0,20100908
8.11,7.72,8.11,7.63,8.1,17472.0,7912900.0,216595411.0,20100915
7.88,8.11,8.11,7.74,7.95,14875.0,5295500.0,145688922.0,20100922
7.73,7.97,7.97,7.51,7.73,21405.0,9552400.0,255688459.0,20100929
8.13,7.81,8.26,7.7,8.11,21858.0,8014900.0,222408182.0,20101006
8.21,8.12,8.31,7.92,8.23,17058.0,10365100.0,293336154.0,20101014
8.39,8.29,8.62,8.14,8.3,16331.0,11280900.0,332523147.0,20101021
8.59,8.39,8.67,8.23,8.6,12185.0,6646200.0,194235321.0,20101028
8.48,8.7,8.78,8.45,8.49,16391.0,5650400.0,169258163.0,20101105
8.3,8.45,8.75,8.25,8.3,16544.0,5944300.0,175173908.0,20101112
8.21,8.22,8.55,8.11,8.23,13973.0,6071200.0,174127855.0,20101122
8.22,8.14,8.57,8.08,8.23,11620.0,4266300.0,123234566.0,20101129
8.36,8.19,8.62,8.14,8.3,19200.0,7521400.0,217638532.0,20101206
8.13,8.49,8.58,7.92,8.13,21278.0,6887600.0,195269657.0,20101213
8.25,8.08,8.51,8.04,8.25,18213.0,7317600.0,206768730.0,20101220
8.18,8.3,8.45,7.97,8.2,12938.0,6004800.0,163168303.0,20101228
8.34,8.2,8.36,8.05,8.32,14093.0,6005900.0,163666046.0,20110105
8.73,8.4,8.73,8.29,8.73,15202.0,6819400.0,190777667.0,20110112
8.7,8.7,9.02,8.59,8.67,13750.0,6262300.0,183626724.0,20110119
8.44,8.66,8.74,8.25,8.37,20362.0,6990900.0,194911221.0,20110127
8.13,8.4,8.4,8.1,8.14,17004.0,5932200.0,161763194.0,20110203
7.92,8.13,8.21,7.86,7.86,13569.0,5259600.0,139333087.0,20110210
8.14,7.94,8.21,7.78,8.13,17045.0,6241900.0,164942692.0,20110217
8.05,8.13,8.37,8.05,8.05,18689.0,6618700.0,180211602.0,20110224
8.6,8.13,8.6,8.01,8.6,18753.0,7262900.0,200458253.0,20110303
9.01,8.59,9.01,8.49,9,19425.0,6854100.0,200387785.0,20110314
8.74,8.73,8.97,8.53,8.73,21704.0,6826000.0,198084703.0,20110321
9.05,8.7,9.15,8.63,9.07,18014.0,6034300.0,179109983.0,20110328
9.67,9.07,9.94,9.04,9.67,22245.0,9371000.0,293940557.0,20110404
9.38,9.64,9.98,9.35,9.36,19368.0,6468600.0,207000855.0,20110411
9.35,9.38,9.49,9.19,9.36,20538.0,8810400.0,272718813.0,20110418
9.52,9.41,9.64,9.25,9.5,19553.0,6505100.0,204013197.0,20110427
9.63,9.52,9.89,9.4,9.67,22628.0,8710300.0,268996549.0,20110504
9.89,9.63,10.18,9.63,9.89,14944.0,5286200.0,163580850.0,20110511
9.73,9.89,10.1,9.68,9.79,19550.0,5975100.0,185182509.0,20110518
9.79,9.83,10.02,9.67,9.79,13496.0,4892600.0,151606723.0,20110525
9.4,9.83,9.86,9.28,9.35,17027.0,5911600.0,176253814.0,20110601
9.69,9.36,9.89,9.29,9.7,19343.0,7577000.0,229777633.0,20110608
9.59,9.67,9.79,9.46,9.67,14200.0,5459800.0,164012227.0,20110615
9.83,9.65,10.02,9.53,9.85,17826.0,7582300.0,232990574.0,20110622
10.07,9.95,10.17,9.85,10.09,18515.0,6987300.0,219725897.0,20110630
9.86,10.07,10.24,9.83,9.91,15659.0,5879400.0,184700902.0,20110707
9.94,9.92,9.96,9.67,9.94,15854.0,6490400.0,199908661.0,20110714
9.89,9.99,10.13,9.73,9.85,16275.0,6018100.0,186631065.0,20110721
9.54,9.86,9.91,9.36,9.57,16657.0,6863400.0,207256876.0,20110728
9.07,9.45,9.63,8.78,9.07,25785.0,8427900.0,243005191.0,20110804
8.81,9.07,9.29,8.44,8.83,32372.0,10890700.0,300570058.0,20110811
8.77,8.82,8.93,8.59,8.73,24443.0,8030800.0,220887141.0,20110818
8.8,8.74,8.88,8.6,8.83,19505.0,6490400.0,178061133.0,20110825
9.38,8.73,9.55,8.73,9.38,26953.0,9455300.0,273908573.0,20110901
9.04,9.36,9.46,8.97,9.04,22424.0,7192500.0,208175028.0,20110909
9.12,9.04,9.23,8.91,9.12,20836.0,7249800.0,205807863.0,20110916
8.95,9.05,9.52,8.89,9,29385.0,9181200.0,264699056.0,20110923
8.87,8.99,9.17,8.67,8.85,22868.0,8227000.0,227979608.0,20110930
8.21,8.74,8.89,8.13,8.2,30353.0,9924200.0,262223191.0,20111007
8.29,8.29,8.45,8.16,8.29,25343.0,9915300.0,257885506.0,20111017
8.76,8.29,8.89,8.29,8.75,28162.0,9620100.0,259602717.0,20111024
9.14,8.67,9.2,8.39,9.17,39390.0,13417200.0,370411074.0,20111031
9.26,8.93,9.49,8.84,9.33,18459.0,6046300.0,174718399.0,20111108
9.56,9.2,9.62,9.04,9.52,24783.0,8418800.0,245964602.0,20111116
9.45,9.52,9.68,9.34,9.38,17946.0,5938800.0,176245144.0,20111123
9.92,9.45,9.95,9.21,9.92,23464.0,7388400.0,221753416.0,20111130
9.94,9.93,10.06,9.33,9.97,32225.0,10891200.0,331455242.0,20111207
10.52,9.85,10.64,9.75,10.52,25488.0,8414400.0,260782825.0,20111214
10.8,10.49,10.84,10.33,10.84,18115.0,6915200.0,219844668.0,20111221
10.92,10.8,11.14,10.69,10.92,15977.0,3989100.0,131362938.0,20111228
10.91,10.92,11.13,10.55,10.91,21320.0,6355500.0,207630809.0,20120105
10.9,10.96,11.04,10.74,10.91,22004.0,5062100.0,165888076.0,20120112
11.21,10.89,11.38,10.81,11.16,21926.0,6387400.0,212554266.0,20120119
11.31,11.13,11.47,11.13,11.36,32605.0,8966000.0,305833796.0,20120127
11.67,11.32,11.88,11.3,11.73,29117.0,9579100.0,335801350.0,20120203
12.36,11.73,12.5,11.58,12.47,27959.0,15490200.0,558156002.0,20120210
12.86,12.41,12.92,12.25,12.8,23517.0,7648100.0,291565772.0,20120217
13.19,12.76,13.19,12.71,13.19,20572.0,6626700.0,258342024.0,20120228
13.12,13.19,13.56,13.04,13.12,28455.0,7926600.0,315077313.0,20120306
14.15,13.2,14.23,13.0,14.21,23388.0,7322700.0,298810067.0,20120313
14.1,14.12,14.36,13.81,14.04,21971.0,5745600.0,243637682.0,20120320
14.63,14.04,14.87,13.7,14.63,24439.0,7590900.0,325323848.0,20120327
15.04,14.97,15.27,14.42,15.04,31525.0,10554000.0,465794898.0,20120403
15.53,15.06,15.85,14.8,15.53,24739.0,9579300.0,443376213.0,20120412
15.83,15.49,16.02,15.05,15.78,21495.0,6548700.0,304244772.0,20120419
16.28,15.87,16.46,15.63,16.28,19400.0,5454600.0,264410829.0,20120426
15.4,16.33,16.7,15.37,15.49,30502.0,12056900.0,452243920.0,20120504
15.83,15.22,16.06,14.81,15.83,27931.0,8391300.0,304472995.0,20120511
15.07,15.78,15.78,14.46,15.06,37251.0,11658600.0,402735842.0,20120518
14.72,14.94,15.42,14.72,14.84,31395.0,8782400.0,305092771.0,20120525
15.05,15.02,15.23,14.63,15.05,27895.0,8055800.0,279950547.0,20120601
15.45,15.13,15.75,14.79,15.49,24302.0,7294200.0,255626368.0,20120611
15.97,15.55,16.12,15.49,16,25337.0,8574100.0,314583538.0,20120618
15.61,16.05,16.17,15.37,15.61,21751.0,5825100.0,212359343.0,20120625
16.44,15.58,16.7,15.53,16.45,29629.0,8228200.0,305997745.0,20120702
16.22,16.5,16.52,16.22,16.32,23778.0,7465200.0,283093605.0,20120710
16.7,16.28,16.74,16.12,16.73,19565.0,5179600.0,196181104.0,20120717
16.32,16.7,17.06,16.28,16.33,29188.0,8077400.0,311462672.0,20120724
16.88,16.42,17.41,16.32,16.93,24679.0,6516400.0,253938085.0,20120731
17,16.96,17.31,16.67,17.09,23133.0,6304100.0,248480038.0,20120807
17.22,17.17,17.48,17.06,17.15,22044.0,5764800.0,230522492.0,20120814
16.75,17.26,17.4,16.75,16.83,22706.0,6105200.0,241929238.0,20120821
16.55,16.75,17.1,15.79,16.55,34187.0,8476800.0,322888163.0,20120828
14.97,16.62,16.62,14.63,14.97,50080.0,16937100.0,597966991.0,20120904
10.91,15.09,15.76,10.5,10.9,92618.0,49387000.0,1408366473.0,20120912
12.02,10.94,12.45,10.94,12.03,76199.0,34304200.0,927634211.0,20120919
10.99,11.82,11.86,10.96,11.01,44652.0,18303000.0,478532173.0,20120926
10.1,11.04,11.04,10.05,10.09,43922.0,18289400.0,449187688.0,20121003
10.58,10.12,11.0,9.94,10.58,52799.0,22232700.0,539118620.0,20121010
10.91,10.7,11.73,10.6,10.91,59267.0,31788500.0,810131289.0,20121018
10.72,10.92,11.06,10.6,10.67,30274.0,13898200.0,347085440.0,20121025
10.77,10.68,10.84,10.35,10.77,23987.0,11461800.0,281401956.0,20121101
10.09,10.46,10.6,9.68,10.13,54704.0,26203300.0,614043467.0,20121109
9.79,10.23,10.24,9.76,9.79,36457.0,14303100.0,331296575.0,20121119
10.4,9.83,11.15,9.72,10.38,62955.0,24781800.0,604893412.0,20121127
10.76,10.6,11.35,10.52,10.72,50463.0,23541500.0,592144575.0,20121204
11.03,10.84,11.13,10.25,11.03,44670.0,18207000.0,449782367.0,20121211
10.87,11.07,11.28,10.8,10.94,44523.0,14110500.0,360688682.0,20121218
11.31,10.9,11.79,10.76,11.31,58437.0,40161500.0,984811579.0,20121227
10.78,11.34,11.79,10.38,10.74,57595.0,30225500.0,668882236.0,20130107
11.21,10.75,11.38,10.36,11.17,59601.0,22852500.0,492249867.0,20130114
11.97,11.14,12.0,11.03,11.91,35997.0,13660700.0,310541567.0,20130121
11.17,11.91,11.94,11.06,11.21,46922.0,17980700.0,405985069.0,20130129
11.11,11.14,11.29,10.8,11.05,37189.0,14902800.0,327017756.0,20130205
11.28,11.1,11.36,10.91,11.22,29657.0,11254800.0,247470317.0,20130214
11.28,11.28,11.67,11.12,11.25,41643.0,15026000.0,339788696.0,20130221
11.83,11.31,12.19,11.07,11.8,49735.0,24380600.0,567005473.0,20130228
12.87,11.72,13.01,11.61,12.83,52737.0,16646100.0,402459605.0,20130307
12.7,12.77,13.06,12.34,12.67,41162.0,12050200.0,301913590.0,20130314
11.31,12.76,13.13,11.21,11.31,66139.0,40234500.0,931388011.0,20130321
11.94,11.36,12.0,11.28,11.94,50377.0,19969800.0,456695699.0,20130328
11.82,11.86,12.3,11.62,11.86,45636.0,33411800.0,786322880.0,20130405
11.88,11.86,12.36,11.52,11.88,45930.0,16366500.0,388083588.0,20130412
12.59,11.86,12.69,11.79,12.59,49577.0,15811300.0,378884678.0,20130419
12.41,12.58,12.81,12.26,12.43,38327.0,16706600.0,416227596.0,20130426
12.8,12.48,13.26,12.33,12.78,53492.0,29673800.0,666296294.0,20130506
12.81,12.88,13.09,12.7,12.86,38637.0,11167900.0,239128114.0,20130513
13.6,12.81,13.73,12.65,13.59,39148.0,14670200.0,320434540.0,20130520
13.89,13.6,14.13,13.59,13.89,55031.0,19381100.0,448506658.0,20130527
13.35,14.08,14.08,13.02,13.35,61918.0,24491400.0,548179582.0,20130604
12.15,13.18,13.18,12.04,12.13,52436.0,17845400.0,373564338.0,20130611
12.45,12.25,12.52,11.77,12.37,60728.0,22007900.0,442648941.0,20130618
11.36,12.36,12.4,11.08,11.34,79280.0,27951200.0,538423922.0,20130625
11.7,11.41,12.31,11.33,11.69,48849.0,15756100.0,310779271.0,20130702
12.21,11.69,12.4,11.33,12.18,50010.0,15421700.0,303987244.0,20130710
12.16,12.33,12.6,11.76,12.1,42891.0,14903800.0,300784241.0,20130717
12.73,12.14,12.99,12.14,12.7,42920.0,13075100.0,274114562.0,20130724
12.54,12.65,13.22,12.52,12.59,37030.0,13725100.0,295663118.0,20130731
12.45,12.62,12.75,12.03,12.36,39323.0,14115900.0,290989997.0,20130807
12.17,12.45,12.8,12.06,12.15,56633.0,20072100.0,411042725.0,20130814
11.51,12.06,12.06,11.49,11.53,46147.0,13252300.0,259907018.0,20130821
11.13,11.59,11.76,11.06,11.13,40652.0,12946100.0,246817251.0,20130828
11.06,11.14,11.61,10.91,11.06,44903.0,15338300.0,286770052.0,20130904
11.45,11.1,11.73,11.09,11.43,64397.0,22270200.0,422643073.0,20130911
11.14,11.45,11.54,10.78,11.13,51702.0,19552000.0,362930412.0,20130918
11.55,11.12,11.62,11.09,11.56,44026.0,18576200.0,350600913.0,20130925
11.55,11.58,11.71,11.38,11.55,39895.0,13025300.0,250074835.0,20131002
11.73,11.56,11.97,11.47,11.73,38145.0,14302900.0,279532303.0,20131009
11.84,11.8,12.03,11.76,11.84,36215.0,11012400.0,217762646.0,20131016
11.95,11.86,12.26,11.84,12,33878.0,10267200.0,206497051.0,20131023
11.98,12.03,12.14,11.74,11.97,36245.0,11155700.0,220591200.0,20131030
11.79,12,12.07,11.74,11.75,31493.0,15296700.0,302729513.0,20131106
11.36,11.74,11.79,11.2,11.34,42877.0,16613400.0,315873351.0,20131113
11.47,11.36,12.0,11.2,11.47,45578.0,13647900.0,261970927.0,20131122
11.8,11.5,11.91,11.44,11.8,27738.0,8729900.0,169394440.0,20131129
11.7,11.81,11.89,11.32,11.7,43147.0,21558300.0,409639658.0,20131206
11.04,11.76,11.92,11.03,11.06,44930.0,15053900.0,278461222.0,20131213
11.16,11.13,11.33,11.01,11.15,38292.0,17783100.0,319947471.0,20131220
11.13,11.23,11.67,11.09,11.13,33545.0,21076100.0,357033390.0,20140102
10.8,11.33,11.58,10.69,10.79,63957.0,32510500.0,453148608.0,20140109
10.91,10.81,11.11,10.71,10.92,45496.0,18306100.0,246184885.0,20140116
11.19,10.92,11.36,10.75,11.19,40354.0,16663100.0,226589135.0,20140123
11.08,11.03,11.23,10.76,11.11,56617.0,21946100.0,297985175.0,20140130
10.8,11.02,11.29,10.47,10.83,64246.0,25079400.0,337930973.0,20140206
11.08,10.79,11.24,10.46,11.05,71688.0,27999700.0,374663185.0,20140213
10.46,11.13,11.23,10.07,10.46,65703.0,23120500.0,302324055.0,20140220
10.83,10.45,10.91,10.35,10.79,61982.0,20782600.0,271340714.0,20140227
10.37,10.8,11.13,10.23,10.36,67795.0,35551400.0,469164275.0,20140310
10.53,10.46,11.29,10.3,10.53,78631.0,37291000.0,491167217.0,20140317
11.29,10.54,11.38,10.47,11.32,76472.0,28033400.0,382905455.0,20140324
12.37,11.34,12.72,11.22,12.38,68646.0,36010100.0,539061841.0,20140331
12.92,12.46,12.95,11.97,12.9,69191.0,26780100.0,415252390.0,20140407
12.96,13.06,13.21,12.06,12.92,62800.0,25363100.0,400079638.0,20140414
13.48,12.8,13.55,12.55,13.48,67311.0,28091500.0,452842791.0,20140423
13.74,13.49,13.78,12.82,13.7,49080.0,26053200.0,427569706.0,20140430
13.77,13.69,14.04,13.43,13.78,60346.0,35754000.0,578347711.0,20140508
13.53,13.79,14.66,13.52,13.57,59788.0,24435100.0,398541006.0,20140515
14.2,13.8,14.2,13.55,14.2,46783.0,19655900.0,319485492.0,20140522
13.76,14.21,14.55,13.58,13.76,42834.0,14365800.0,234776204.0,20140529
13.84,13.65,14.04,13.26,13.84,37314.0,14906200.0,236878925.0,20140605
14.96,14.17,15.22,14.04,15.02,58030.0,18945000.0,325277965.0,20140613
15.24,14.92,15.91,14.83,15.3,35779.0,13730900.0,246747769.0,20140623
14.94,15.24,15.71,14.87,14.93,34767.0,11780200.0,205398833.0,20140630
15.71,15.05,15.81,14.55,15.68,28406.0,11058800.0,178937469.0,20140707
16.96,15.66,16.99,15.61,16.96,62485.0,19578100.0,348925751.0,20140715
18.45,16.99,18.45,16.56,18.45,56100.0,18681200.0,352208188.0,20140722
17.7,18.23,18.48,17.37,17.7,41681.0,12321500.0,240783565.0,20140729
17.8,17.69,18.07,17.02,17.76,47944.0,15535200.0,293840683.0,20140805
17.8,17.82,18.25,17.6,17.81,41941.0,13140900.0,255094112.0,20140812
17.86,17.91,18.22,17.29,17.87,54787.0,17740000.0,339978103.0,20140819
17.51,17.74,18.53,17.43,17.45,48646.0,21533600.0,418818161.0,20140826
17.45,17.55,18.01,16.81,17.47,55587.0,19618400.0,372589550.0,20140902
16.51,17.55,17.86,16.43,16.46,44475.0,18461300.0,344329271.0,20140909
15.72,16.45,16.59,14.86,15.72,77765.0,30599500.0,521501299.0,20140916
14.41,15.47,15.47,14.0,14.28,72322.0,35163200.0,555656755.0,20140923
13.71,14.04,14.26,13.28,13.8,57912.0,22685400.0,339458989.0,20140930
15.05,13.61,15.07,12.84,14.98,93003.0,44782000.0,676236223.0,20141007
15.72,15.17,16.05,14.73,15.58,86781.0,35178700.0,585543061.0,20141014
13.93,15.19,15.63,13.62,13.98,79316.0,23355400.0,372076936.0,20141021
13.23,13.91,14.35,11.87,13.24,91036.0,34742000.0,498649205.0,20141028
13.21,13.24,13.49,12.92,13.19,47470.0,18860800.0,268307537.0,20141104
13.4,13.11,13.65,12.72,13.41,49334.0,19210200.0,265874410.0,20141111
12.48,13.42,13.78,11.96,12.53,62435.0,22944100.0,297740925.0,20141118
13.78,12.35,14.05,12.19,13.76,73695.0,28647400.0,380822482.0,20141126
13.17,13.8,14.23,12.96,13.28,56722.0,19226300.0,263052635.0,20141203
12.71,13.34,13.46,12.31,12.64,63335.0,24710700.0,324290526.0,20141210
12.34,12.69,12.88,11.98,12.47,65469.0,23500000.0,296331677.0,20141217
12.94,12.72,13.32,11.91,13.01,46053.0,17583200.0,221760552.0,20141226
12.44,13.18,13.82,12.27,12.43,51450.0,18825600.0,243999036.0,20150106
11.57,12.5,12.77,11.38,11.6,60132.0,19081900.0,228330937.0,20150113
11.78,11.47,12.6,11.34,11.71,66339.0,20287800.0,241406546.0,20150120
11.48,11.79,12.16,10.95,11.48,49891.0,19706600.0,227227206.0,20150127
12.17,11.26,12.77,11.19,12.2,55550.0,20325300.0,244701367.0,20150203
11.3,12.3,12.44,11.2,11.24,40805.0,13355200.0,156336133.0,20150210
12.29,11.26,12.47,11.15,12.28,46388.0,15978000.0,189653537.0,20150219
13.09,12.37,13.09,12.04,13.04,35715.0,11721000.0,145635092.0,20150226
12.23,13,13.14,11.94,12.21,57172.0,17742100.0,221691204.0,20150305
12.15,12.35,12.47,11.52,12.1,51638.0,18032800.0,215503722.0,20150312
11.85,11.77,12.17,11.41,11.85,49976.0,16841000.0,198744241.0,20150319
12.65,12.04,13.37,11.86,12.65,56899.0,21061300.0,269719659.0,20150326
13.84,12.65,13.97,12.49,13.81,59613.0,17769100.0,234622997.0,20150402
13.87,13.99,14.36,13.54,13.88,51629.0,15981000.0,222261295.0,20150410
14.35,13.8,14.49,13.8,14.36,41615.0,13316000.0,190106609.0,20150417
14.6,14.35,15.17,14.14,14.47,43035.0,14322500.0,209218081.0,20150427
15.26,14.7,15.34,14.0,15.26,54460.0,22029900.0,324046666.0,20150505
15.56,15.19,16.08,15.16,15.62,51400.0,19354500.0,303652378.0,20150512
15.22,15.52,16.03,14.86,15.18,55250.0,18088300.0,277363983.0,20150519
14.41,15.19,15.53,13.97,14.45,53146.0,18607600.0,271305665.0,20150526
14.42,14.47,15.01,13.93,14.4,66089.0,23834100.0,346194843.0,20150602
13.9,14.38,14.45,13.74,13.88,58805.0,17930700.0,250817862.0,20150610
13,14,14.07,12.72,12.99,56276.0,17625400.0,232411693.0,20150617
12.09,13.05,13.86,11.8,12.08,63761.0,29679000.0,383000105.0,20150624
11.51,12.11,12.25,11.47,11.53,79206.0,27420600.0,321381994.0,20150701
10.9,11.66,11.87,10.87,10.9,46223.0,17016400.0,192679134.0,20150708
10.92,11.12,11.3,10.84,10.93,41626.0,14247600.0,158563093.0,20150716
9.57,10.96,11.06,9.52,9.61,54321.0,25456000.0,256318982.0,20150723
9.06,9.54,9.55,8.97,9.07,8869.0,5302700.0,48325351.0,20150724
