18.41,18.9,19.06,18.07,18.45,3742.0,4357200.0,88354844.0,20080108
17.84,18.64,19.65,17.78,17.93,5775.0,6372000.0,129175306.0,20080115
17.17,17.53,18.39,16.58,17.13,5480.0,6615100.0,124818715.0,20080122
17.13,16.94,17.71,16.68,17.13,5354.0,6538700.0,121625338.0,20080130
17.28,17.21,18.12,16.77,17.28,4084.0,4957400.0,93584993.0,20080208
17.67,17.29,18.9,17.29,17.74,5022.0,6801800.0,133287773.0,20080215
17.9,17.88,18.25,17.36,17.91,3342.0,4212200.0,81184880.0,20080222
17.31,17.93,18.69,17.29,17.39,3662.0,4256600.0,82737207.0,20080229
16.35,17.43,17.43,16.24,16.35,7451.0,6982200.0,127433804.0,20080307
16.75,16.29,16.85,16.02,16.58,6748.0,5830100.0,103971578.0,20080314
16.2,16.5,16.5,14.98,16.4,4714.0,4162800.0,72331466.0,20080324
15.99,16.3,16.54,15.57,16.02,4171.0,5018500.0,87581181.0,20080331
16.24,16.1,16.65,15.76,16.29,4593.0,4162700.0,73176432.0,20080407
16.08,16.34,17.34,15.97,16.05,5217.0,4414900.0,80556740.0,20080414
15.96,15.98,16.51,15.83,16.01,5171.0,3487000.0,60822950.0,20080422
16.03,15.96,16.4,15.73,16.03,4445.0,3595800.0,62712953.0,20080429
15.83,16.12,16.5,15.73,15.86,8371.0,8824000.0,152637784.0,20080507
15.78,15.89,16.03,15.59,15.75,4977.0,3787600.0,64961680.0,20080514
15.36,15.78,16.02,15.36,15.41,5579.0,3989800.0,68243785.0,20080521
13.83,14.72,14.85,13.66,13.87,12213.0,12170100.0,186982752.0,20080529
12.98,13.97,14.34,12.89,12.9,8860.0,10442900.0,154013069.0,20080605
11.92,13.07,13.07,11.67,11.93,9399.0,10242000.0,135324313.0,20080612
11.04,12.1,12.1,10.76,11.02,8693.0,9819500.0,120734267.0,20080619
10.35,11.04,11.42,10.18,10.35,8273.0,11669500.0,136535168.0,20080626
8.9,10.31,10.56,8.78,8.86,7849.0,12070200.0,126861175.0,20080703
9.98,8.86,10.47,8.72,10.07,8180.0,9152000.0,97138766.0,20080711
10.37,10.13,11.37,9.23,10.37,9419.0,10316400.0,116672889.0,20080718
10.89,10.48,11.5,10.27,10.92,8835.0,9266700.0,110552399.0,20080725
10.66,11.09,11.71,10.58,10.66,8916.0,8013400.0,97033332.0,20080801
10.94,10.68,11.34,10.36,10.95,7410.0,7202600.0,85548155.0,20080808
12.3,11.01,12.36,10.82,12.27,9270.0,8011400.0,102035375.0,20080815
12.3,12.3,12.42,11.92,12.41,5799.0,4865400.0,64581042.0,20080822
12.81,12.27,12.86,12.0,12.69,5306.0,4858900.0,65629736.0,20080829
13.01,12.81,13.5,12.06,12.89,8836.0,6277400.0,88868337.0,20080905
12.78,13.35,13.5,12.23,12.76,8593.0,6491600.0,90509320.0,20080912
13.01,12.57,13.6,11.4,13.06,9930.0,7941900.0,109431766.0,20080919
12.06,13.07,13.2,11.96,12.1,10050.0,9562500.0,129697459.0,20080926
11.62,12.06,12.36,11.14,11.62,8130.0,7299500.0,93656075.0,20081003
8.83,11.14,11.62,8.28,9.01,10738.0,11912900.0,132377083.0,20081010
9.28,9.38,10.77,8.79,9.28,8704.0,6896100.0,70773448.0,20081017
8.82,9.22,10.13,8.48,8.82,8315.0,6180200.0,62279751.0,20081024
10.36,8.56,10.68,7.97,10.22,11149.0,7235300.0,73909220.0,20081031
8.48,10.36,10.69,8.43,8.45,9253.0,6411000.0,67152566.0,20081107
7.49,8.83,8.83,7.13,7.39,9909.0,7632500.0,65031821.0,20081114
7.37,7.49,8.19,6.93,7.4,8568.0,4775500.0,39188692.0,20081124
8.01,7.37,8.39,6.98,8.01,5972.0,4833800.0,41912179.0,20081201
9.14,8.21,9.78,7.76,9.15,9985.0,6425000.0,61312066.0,20081208
9.13,9.19,9.52,8.39,9.08,6694.0,7213000.0,71262262.0,20081215
8.69,9.32,9.49,8.67,8.74,8819.0,6259100.0,60965325.0,20081222
9.32,8.65,9.36,7.99,9.36,5035.0,4113600.0,37868492.0,20090102
9.46,9.28,9.72,9.18,9.51,6547.0,5252100.0,54253733.0,20090109
9.19,9.4,9.56,8.83,9.22,6481.0,3917400.0,39319399.0,20090116
9,9.22,9.44,8.78,9.05,4796.0,3110900.0,30836246.0,20090123
8.03,9.05,9.28,7.98,8.03,8930.0,5346000.0,49527645.0,20090130
8.43,7.98,8.44,7.77,8.38,8649.0,5393900.0,48013019.0,20090206
8.09,8.45,8.72,8.02,8.09,7388.0,4632100.0,41888276.0,20090213
7.29,8.05,8.16,7.18,7.28,7262.0,4593900.0,38738449.0,20090220
5.74,6.45,6.64,5.57,5.74,19097.0,15445600.0,101850430.0,20090303
5.66,5.95,5.95,5.11,5.66,13166.0,10660300.0,64319441.0,20090310
6.3,5.74,6.67,5.7,6.31,10791.0,7513300.0,50575504.0,20090317
7.19,6.44,7.29,6.28,7.1,11619.0,8125500.0,60517620.0,20090324
7.14,7.26,7.52,6.61,7.04,12588.0,8449000.0,64648814.0,20090331
7.6,6.96,8.0,6.89,7.64,10235.0,7554900.0,63658915.0,20090407
8.48,7.76,9.03,7.76,8.45,13505.0,13092900.0,121399947.0,20090415
8.24,8.58,8.78,7.77,8.24,11765.0,8940100.0,80209184.0,20090423
8.28,8.33,8.86,8.03,8.28,11751.0,11363600.0,103011836.0,20090430
9.76,8.28,9.96,8.28,9.56,12883.0,11594900.0,118744153.0,20090508
8.49,9.3,9.55,8.35,8.49,10534.0,9086400.0,86356806.0,20090515
8.41,8.67,9.07,8.19,8.43,10252.0,6677000.0,63012469.0,20090522
8.83,8.41,9.03,8.41,8.83,10839.0,8467600.0,79985801.0,20090529
7.94,8.94,9.09,7.93,7.97,16317.0,12270100.0,111509745.0,20090605
7.58,7.92,8.16,7.49,7.56,13992.0,9620000.0,81821463.0,20090615
7.37,7.62,7.75,7.28,7.36,12246.0,10633400.0,86957456.0,20090622
7.63,7.49,7.71,7.28,7.64,11027.0,9434500.0,77070947.0,20090629
7.23,7.67,7.69,7.1,7.25,7771.0,6728200.0,54144050.0,20090706
7.08,7.23,7.31,6.83,7.09,11588.0,10708100.0,82886252.0,20090714
7.73,7.24,7.9,7.23,7.77,13363.0,12962200.0,106582467.0,20090721
7.8,7.71,7.83,7.56,7.8,11707.0,12375000.0,103528718.0,20090728
9.04,7.77,9.52,7.68,9.04,27312.0,26585800.0,248260740.0,20090804
9.75,9.12,10.34,9.01,9.76,26073.0,21033100.0,218591469.0,20090811
9.17,9.97,9.97,9.04,9.17,18649.0,12546700.0,129714605.0,20090818
9.22,9.14,9.5,8.97,9.22,13103.0,12005400.0,120964933.0,20090825
9.16,9.22,9.65,9.09,9.11,15245.0,11772700.0,119804093.0,20090901
9.62,9.13,9.64,9.06,9.59,13348.0,11509400.0,117009856.0,20090909
9.69,9.62,9.98,9.46,9.7,12417.0,10810200.0,115169098.0,20090916
10.17,9.73,10.39,9.48,10.15,14400.0,15428000.0,166904401.0,20090923
9.43,10.27,10.31,9.3,9.53,18103.0,16104700.0,169464117.0,20090930
9.22,9.38,9.52,8.95,9.21,24581.0,20783200.0,208926059.0,20091007
9.28,9.28,9.51,9.21,9.3,20129.0,19250600.0,194683548.0,20091015
9.4,9.27,9.45,9.16,9.38,15541.0,16188300.0,163109858.0,20091022
9.22,9.51,9.6,8.61,9.21,16637.0,19103500.0,191741878.0,20091029
8.02,9.09,9.13,7.84,8,32171.0,36574400.0,327625934.0,20091106
8.1,8.11,8.42,7.94,8.08,17108.0,19617200.0,174248629.0,20091113
8.16,8.18,8.38,7.98,8.12,12072.0,15454600.0,137396287.0,20091123
8.03,8.12,8.18,7.84,8.04,9526.0,12432200.0,108795384.0,20091130
8.08,8.1,8.11,7.93,8.05,12742.0,13135200.0,114779313.0,20091207
8.7,8,9.09,7.97,8.72,19016.0,30143200.0,281474031.0,20091214
8.61,8.66,8.86,8.48,8.69,10575.0,11678400.0,110516042.0,20091221
9.02,8.86,9.07,8.62,9,10841.0,11982200.0,112772477.0,20091230
8.96,9.07,9.35,8.85,8.96,12494.0,15971800.0,153431259.0,20100108
9.25,9.04,9.38,8.91,9.21,11279.0,15784300.0,153195590.0,20100115
9.29,9.25,9.65,9.05,9.28,11926.0,13055800.0,129613651.0,20100122
9.19,9.27,9.46,9.01,9.19,8970.0,10587900.0,103743127.0,20100201
9.03,9.2,9.46,8.83,9.04,11792.0,17299100.0,167119829.0,20100208
9.45,9.22,9.63,9.11,9.46,8436.0,9736200.0,96683678.0,20100217
9.32,9.36,9.58,9.29,9.3,8757.0,6769400.0,67813004.0,20100224
9.42,9.23,9.61,9.19,9.39,7702.0,7592100.0,75463651.0,20100303
9.66,9.47,9.77,9.34,9.68,8090.0,8407800.0,85190198.0,20100310
9.62,9.62,9.85,9.49,9.61,7235.0,6830800.0,69954880.0,20100317
10,9.69,10.44,9.61,10.02,10865.0,12542200.0,134717498.0,20100324
10.01,10.15,10.15,9.76,9.99,8413.0,7842300.0,83052715.0,20100331
9.92,10.03,10.07,9.65,9.91,8890.0,7176600.0,75051787.0,20100408
9.91,9.92,10.11,9.69,9.9,11246.0,11256100.0,117957425.0,20100415
9.67,9.85,9.93,9.42,9.67,10114.0,7172900.0,73606059.0,20100423
9.64,9.66,9.97,9.33,9.67,14322.0,9066400.0,92355288.0,20100430
9.4,9.59,9.93,9.22,9.4,12328.0,9265800.0,92907674.0,20100507
9.48,9.65,9.96,9.36,9.5,8940.0,8818500.0,88363381.0,20100514
9.3,9.41,9.63,9.04,9.31,16508.0,9858800.0,98012240.0,20100521
9.4,9.36,9.71,9.22,9.31,9822.0,8553000.0,85018239.0,20100528
8.83,9.39,9.4,8.83,8.87,8416.0,5415100.0,51681365.0,20100607
9.21,8.94,9.35,8.82,9.2,7976.0,6662400.0,62939163.0,20100614
9.4,9.23,9.5,9.19,9.33,10584.0,6677600.0,65397182.0,20100621
9.32,9.37,9.59,9.26,9.35,6088.0,4061200.0,40022654.0,20100628
8.91,9.28,9.36,8.68,8.88,7096.0,6304300.0,59027246.0,20100705
9.2,9.09,9.2,8.71,9.18,7696.0,7860100.0,73279154.0,20100713
9.73,9.06,9.73,8.99,9.73,9383.0,9938100.0,97166120.0,20100720
10.21,9.75,10.31,9.56,10.22,10743.0,9963000.0,103848575.0,20100727
11.1,10.15,11.34,10.15,11.1,15041.0,14433500.0,163397901.0,20100803
11.01,11.06,11.38,10.92,11.01,12009.0,7908000.0,91925466.0,20100810
10.72,10.99,10.99,10.42,10.64,9172.0,6731100.0,74887684.0,20100817
9.93,10.76,11.24,9.87,9.87,13930.0,8055600.0,89831256.0,20100824
10.38,9.73,10.39,9.68,10.38,15021.0,8506300.0,90400305.0,20100831
11.06,10.33,11.14,10.3,11.06,9432.0,5293300.0,60038615.0,20100908
11.21,11.06,11.23,10.68,11.18,7608.0,5341100.0,61629629.0,20100915
11.54,11.18,11.85,10.95,11.54,15143.0,8986100.0,107669724.0,20100922
11.44,11.49,11.84,11.06,11.35,13779.0,8526100.0,102444919.0,20100929
11.24,11.48,11.51,11.11,11.22,14651.0,9034900.0,106640474.0,20101006
10.85,11.26,11.64,10.71,10.78,13297.0,8889900.0,103427384.0,20101014
11.3,10.87,11.42,10.53,11.28,12731.0,10492700.0,120064699.0,20101021
11.33,11.4,11.5,11.15,11.31,8717.0,5984300.0,70950473.0,20101028
12.15,11.44,12.42,11.29,12.18,8886.0,6466200.0,81040398.0,20101105
11.65,12.19,12.26,11.63,11.63,8743.0,5276300.0,65738971.0,20101112
11.7,11.63,12.06,11.49,11.8,12458.0,6885900.0,84746988.0,20101122
11.57,11.63,12.02,11.48,11.67,10079.0,5761800.0,70590713.0,20101129
11.68,11.49,12.21,11.4,11.68,11314.0,7385700.0,91438045.0,20101206
11.82,11.87,11.92,11.57,11.82,8990.0,5472400.0,67189552.0,20101213
11.59,11.77,12.11,11.58,11.63,12781.0,8010400.0,99061883.0,20101220
11.63,11.79,12.06,11.49,11.59,10779.0,6253500.0,75727869.0,20101228
11.83,11.67,11.86,11.43,11.86,13557.0,11450800.0,136568456.0,20110105
12.1,11.8,12.29,11.74,12.14,11808.0,8270100.0,101644717.0,20110112
13.21,12.21,13.86,11.89,13.21,14521.0,10044800.0,133597407.0,20110119
13.1,13.07,13.34,12.73,13.03,12713.0,8199400.0,109385315.0,20110127
13.56,13.08,13.58,12.99,13.55,14062.0,7509000.0,102508936.0,20110203
13.41,13.38,14.11,12.98,13.32,14113.0,8598800.0,119693888.0,20110210
13.56,13.39,13.92,13.05,13.57,14350.0,7484500.0,104899849.0,20110217
12.93,13.54,14.0,12.9,13.07,12124.0,7018500.0,97095104.0,20110224
13.34,13.07,13.89,12.99,13.34,12964.0,8018100.0,109792779.0,20110303
13.13,13.37,13.52,12.85,13.17,10057.0,5949200.0,80547401.0,20110314
13.62,12.87,13.91,12.68,13.62,13708.0,9011000.0,122892353.0,20110321
12.94,13.68,13.94,12.87,12.94,13725.0,9311800.0,127324654.0,20110328
13.21,13.09,13.46,12.94,13.21,10295.0,5973500.0,80852230.0,20110404
12.58,13.23,13.38,12.51,12.62,13793.0,7599700.0,100585730.0,20110411
11.93,12.64,12.74,11.9,12.11,14798.0,7960600.0,100410846.0,20110418
12.02,12.16,12.33,12.0,12.06,10663.0,5239000.0,65506819.0,20110427
12.63,12,12.91,11.73,12.62,14158.0,11323100.0,144007131.0,20110504
12.99,12.57,13.36,12.44,12.94,8004.0,4769500.0,63541027.0,20110511
12.6,12.86,13.07,12.35,12.4,10515.0,4849100.0,63379337.0,20110518
12.13,12.56,12.89,12.08,12.13,11014.0,6688700.0,85485286.0,20110525
12.11,12.31,12.31,11.99,12.1,8787.0,6850400.0,85839542.0,20110601
11.5,12.2,12.2,11.49,11.52,11895.0,9222200.0,112899769.0,20110608
12.11,11.54,12.36,11.49,12.15,14464.0,11882100.0,145810852.0,20110615
11.73,12.1,12.61,11.56,11.73,9590.0,7882500.0,97274893.0,20110622
11.59,11.81,11.81,11.37,11.58,11165.0,8346500.0,99056892.0,20110630
11.39,11.57,11.83,11.25,11.37,10935.0,8102100.0,97067068.0,20110707
11.07,11.47,11.5,10.91,11.06,7974.0,6364500.0,73182655.0,20110714
11.1,11.09,11.12,10.59,11.03,7696.0,4838200.0,54184120.0,20110721
10.14,10.98,11.19,10.1,10.14,11630.0,7371200.0,79807102.0,20110728
9.8,10.29,11.34,9.56,9.66,15862.0,13846000.0,151288207.0,20110804
9.03,9.87,9.92,8.05,9.05,21592.0,12931300.0,117935650.0,20110811
8.71,9.12,9.5,8.6,8.71,15738.0,8275000.0,76913423.0,20110818
8.79,8.73,9.32,8.53,8.84,12656.0,8038500.0,73380157.0,20110825
9.77,8.83,10.0,8.69,9.79,11388.0,6023500.0,58755874.0,20110901
9.53,9.67,10.17,8.99,9.49,11709.0,6480100.0,64495529.0,20110909
11.2,9.49,11.2,9.35,11.08,14053.0,11634400.0,125428266.0,20110916
11.12,10.86,11.87,10.54,11.19,22643.0,13635000.0,157549851.0,20110923
11.54,11.24,11.92,10.97,11.5,13672.0,7039300.0,82458312.0,20110930
10.88,11.52,11.67,10.61,11.01,20735.0,10500900.0,119212687.0,20111007
11.49,11.05,11.82,10.96,11.46,16853.0,9458700.0,110374696.0,20111017
12.23,11.45,12.29,11.26,12.18,17444.0,7229100.0,88021060.0,20111024
11.6,12.15,12.34,11.5,11.56,17014.0,9566100.0,116379089.0,20111031
11.73,11.14,11.76,10.49,11.69,18970.0,13736100.0,157150293.0,20111108
11.29,11.39,11.59,11.23,11.32,14751.0,7276600.0,84337079.0,20111116
10.3,11.33,11.4,10.3,10.3,13616.0,6112400.0,67395187.0,20111123
11.21,10.34,11.45,10.18,11.22,18353.0,7194900.0,80890610.0,20111130
11.07,11.25,11.43,10.61,11.06,13625.0,6090600.0,68692429.0,20111207
10.63,10.94,11.19,10.63,10.74,15684.0,6283800.0,69516599.0,20111214
11.05,10.82,11.12,10.53,11.09,10736.0,6862300.0,75902911.0,20111221
11.3,11.07,11.39,10.81,11.33,8943.0,6130600.0,69964056.0,20111228
11.68,11.26,11.93,11.26,11.67,14840.0,8677500.0,102980576.0,20120105
11.62,11.71,11.86,11.44,11.61,9337.0,4366900.0,51943345.0,20120112
11.87,11.63,11.96,11.42,11.84,10237.0,4217400.0,50433924.0,20120119
11.62,11.95,12.06,11.38,11.58,13696.0,5288800.0,63600770.0,20120127
11.84,11.55,12.22,11.44,11.82,21886.0,9244200.0,111051624.0,20120203
11.96,11.83,12.21,11.67,11.99,14948.0,12556600.0,152872210.0,20120210
12.83,12,13.04,11.94,12.83,21734.0,11187100.0,144719762.0,20120217
12.31,12.75,12.91,12.31,12.34,13425.0,7306900.0,94171727.0,20120228
12.06,12.22,12.89,12.03,12.12,17589.0,9086300.0,115926964.0,20120306
13.13,12.18,13.13,12.1,13.13,19146.0,8066700.0,104095697.0,20120313
13.35,13.07,13.67,12.98,13.4,14610.0,7390300.0,101059579.0,20120320
14.07,13.37,14.31,13.37,14.07,21085.0,12657300.0,179350283.0,20120327
14.32,14.13,14.61,13.75,14.32,19742.0,11787100.0,171865094.0,20120403
15.4,14.32,15.55,14.32,15.43,23454.0,15025600.0,230774928.0,20120411
15.94,15.56,16.03,15.39,15.94,17230.0,8180500.0,130761029.0,20120418
16.13,15.74,16.49,15.24,15.92,18804.0,11495100.0,186648814.0,20120425
15.95,16.17,16.24,15.52,15.95,21450.0,9718900.0,158438737.0,20120503
15.54,15.89,16.03,15.33,15.51,21574.0,11962900.0,190767361.0,20120510
14.52,15.33,15.54,14.3,14.52,19899.0,8441300.0,128891582.0,20120517
14.48,14.24,15.01,14.1,14.47,30668.0,11997700.0,178527372.0,20120524
13.99,14.46,14.68,13.79,14.03,16313.0,6847900.0,98176654.0,20120531
13.51,13.91,13.94,13.29,13.5,19719.0,8215100.0,113716361.0,20120608
13.45,13.62,14.05,13.25,13.42,20632.0,9446900.0,130374262.0,20120615
13.06,13.25,13.77,12.9,13.12,16089.0,10207700.0,137666379.0,20120622
13.12,13.01,13.45,12.59,13.12,19606.0,8251000.0,108332214.0,20120629
13.07,12.94,14.02,12.77,13.12,20922.0,11764100.0,159078298.0,20120706
12.15,13.34,13.34,11.31,12.08,30608.0,18397400.0,225154542.0,20120716
12.83,12.32,12.89,12.1,12.76,21845.0,11161000.0,141075429.0,20120723
12.97,12.65,12.98,12.18,12.9,23663.0,10091300.0,128349851.0,20120730
12.54,13.23,13.58,11.97,12.53,27269.0,13517800.0,172022365.0,20120806
12.83,12.74,13.07,12.58,12.87,17432.0,7780800.0,101608637.0,20120813
13.5,12.8,13.61,12.8,13.48,24642.0,9793200.0,131352666.0,20120820
13.57,13.64,13.78,13.02,13.51,22148.0,9740200.0,131711546.0,20120827
13.65,13.5,13.84,13.13,13.65,17156.0,7668000.0,104380224.0,20120903
13.39,13.63,13.75,13.2,13.39,17369.0,5752800.0,78530288.0,20120911
13.82,13.52,14.6,13.43,13.82,24059.0,9838400.0,139797777.0,20120918
13.14,13.84,13.99,13.12,13.15,19839.0,10695700.0,145762128.0,20120925
13.36,13.2,13.86,12.94,13.41,22548.0,10378500.0,140435563.0,20121002
13.63,13.31,13.72,12.56,13.72,30994.0,14665100.0,194304521.0,20121009
14.09,13.73,14.3,13.66,14.09,27979.0,13498700.0,190540446.0,20121017
13.91,14.12,14.71,13.86,13.91,24514.0,15833600.0,225864483.0,20121024
14.02,13.96,14.33,13.64,14.09,12889.0,6975900.0,98510002.0,20121031
13.96,14.11,14.5,13.93,13.93,20529.0,8471800.0,120910790.0,20121109
13.75,13.95,14.32,13.43,13.75,20140.0,7453100.0,103925381.0,20121119
14.07,13.8,14.32,13.73,14.03,17237.0,11364700.0,160418767.0,20121127
13.52,13.97,14.02,12.86,13.42,34754.0,19399500.0,259296730.0,20121204
13.47,13.55,13.66,12.45,13.51,27650.0,11831000.0,155734903.0,20121211
13.99,13.44,13.99,12.68,13.95,26920.0,9824200.0,130819202.0,20121218
14.34,13.69,14.51,13.62,14.41,22442.0,8363600.0,119081903.0,20121227
14.3,14.43,14.76,13.97,14.27,24686.0,9323700.0,135407898.0,20130107
14.22,14.1,14.32,13.42,14.16,27259.0,11698800.0,163760059.0,20130114
14.33,14.16,14.4,13.82,14.28,17853.0,5751600.0,81689297.0,20130121
16.04,14.34,16.32,14.24,16.04,30740.0,15263400.0,240135961.0,20130129
16.46,16.09,16.74,15.8,16.48,24077.0,10602100.0,173064570.0,20130205
16.01,16.59,16.59,15.9,16.01,16402.0,8887800.0,144428996.0,20130214
16.18,15.99,16.35,15.71,16.13,23154.0,10377900.0,167711934.0,20130221
16.36,15.96,17.29,15.62,16.43,28511.0,10333900.0,171035536.0,20130228
16.55,16.48,16.94,16.18,16.58,24225.0,7974200.0,132810309.0,20130307
17.27,16.41,17.66,16.41,17.19,28239.0,11270600.0,194881255.0,20130314
17.09,17.18,17.37,16.88,17.17,23123.0,9077200.0,156549238.0,20130321
17.58,17.09,17.63,16.66,17.63,21524.0,7853100.0,138314355.0,20130328
16.74,17.56,17.57,16.08,16.74,26591.0,10669000.0,183122746.0,20130405
17.1,16.64,17.62,16.46,17.06,21992.0,6935800.0,122701551.0,20130412
16.51,17.03,17.07,15.38,16.5,36754.0,19356300.0,318514313.0,20130419
15.97,16.56,17.42,15.65,15.85,32724.0,13426400.0,228870019.0,20130426
16.96,16.03,17.41,15.73,17.21,36703.0,17925000.0,310616054.0,20130506
17.59,16.79,17.88,16.73,17.49,26067.0,12184400.0,218390377.0,20130513
18.18,17.42,18.41,17.29,18.37,27505.0,10473300.0,193222331.0,20130520
18.4,19.23,19.27,17.67,18.4,29730.0,14342500.0,274225514.0,20130527
18.81,18.57,19.36,18.1,18.95,33202.0,15246200.0,294410838.0,20130604
18.39,18.86,19.1,18.36,18.47,27056.0,11786700.0,227427960.0,20130611
20.36,18.5,20.49,18.01,20.36,38018.0,18378400.0,361516753.0,20130618
19.22,20.41,20.76,19.16,19.32,49291.0,19474100.0,402094675.0,20130625
19.98,19.29,20.3,19.18,19.98,35823.0,15924800.0,325208903.0,20130702
20.37,20.11,20.6,19.3,20.43,28530.0,11196100.0,230699680.0,20130710
20.91,20.56,21.19,20.23,20.89,33783.0,10439200.0,222216148.0,20130717
20.33,20.92,21.31,20.19,20.32,28670.0,16314800.0,346461160.0,20130724
18.83,20.26,20.47,18.73,18.84,30024.0,17038500.0,341581823.0,20130731
18.22,18.83,19.4,18.16,18.22,36431.0,14249600.0,273733029.0,20130807
18.3,18.26,18.85,18.02,18.3,38185.0,11823000.0,224310748.0,20130814
19.82,18.14,19.92,17.74,19.74,47981.0,18834500.0,365004772.0,20130821
18.43,19.75,19.92,18.27,18.52,28555.0,11205300.0,219038673.0,20130828
18.95,18.56,19.89,18.41,18.95,29697.0,10327100.0,200665010.0,20130904
19.5,19.01,20.25,18.79,19.6,36784.0,16163700.0,324505578.0,20130911
17.75,19.7,19.71,17.56,17.76,47004.0,20633900.0,388197814.0,20130918
18.04,17.92,18.06,17.34,18.02,32027.0,12056600.0,218966939.0,20130925
17.84,17.89,18.26,17.28,17.86,35926.0,11553400.0,211475629.0,20131002
17.98,17.97,18.5,17.77,17.94,30320.0,12682200.0,234711177.0,20131009
17.38,18.01,18.7,17.24,17.38,52561.0,20440600.0,377132535.0,20131016
17.88,17.29,18.0,16.98,17.91,32023.0,9806000.0,173834628.0,20131023
16.08,17.87,17.97,16.01,16.03,36688.0,12990500.0,224123780.0,20131030
16.31,15.9,16.94,15.3,16.27,54655.0,24042200.0,399942289.0,20131106
17.81,16.12,17.82,16.0,17.81,42938.0,13759100.0,243101394.0,20131113
17.2,17.92,17.92,16.95,17.23,38304.0,12776800.0,228531846.0,20131122
17.7,17.34,17.84,16.8,17.69,21314.0,6918000.0,122809135.0,20131129
17.09,17.56,18.0,16.7,17.07,26670.0,8862200.0,156500269.0,20131206
17.91,17.09,18.35,16.8,17.85,36162.0,12120400.0,217892918.0,20131213
18.31,17.96,18.58,17.71,18.32,31910.0,11461200.0,212508133.0,20131220
18.85,18.44,18.98,18.22,18.8,31508.0,9482300.0,179369192.0,20140102
18.76,18.84,19.18,18.49,18.76,43639.0,18135600.0,348244855.0,20140109
20,18.74,20.16,18.47,19.98,33526.0,14275200.0,280722498.0,20140116
19.42,19.84,20.09,18.92,19.34,30215.0,10985800.0,217053406.0,20140123
18.23,19.52,19.64,18.2,18.24,33621.0,12670600.0,241957263.0,20140130
18.41,17.93,18.5,17.79,18.39,32586.0,13739000.0,254148684.0,20140206
19.76,18.2,19.81,18.07,19.75,34726.0,9565300.0,185454545.0,20140213
19.14,19.74,19.81,18.99,19.15,25869.0,6323800.0,124753503.0,20140220
20.7,19.13,20.95,19.07,20.7,33848.0,11859600.0,242946027.0,20140227
19.83,20.75,20.92,19.78,19.83,42518.0,13359600.0,275913330.0,20140310
19.23,20,20.05,19.06,19.3,27423.0,7211300.0,143530391.0,20140317
19.45,19.37,19.78,19.2,19.39,32937.0,7450800.0,147884787.0,20140324
19.86,19.55,20.22,19.29,19.91,40574.0,10842500.0,217711877.0,20140331
19.09,19.87,20.18,18.9,19.04,29045.0,8105600.0,162453714.0,20140407
18.67,19.37,19.44,18.57,18.67,36208.0,9571600.0,184284741.0,20140414
18.89,18.68,19.38,18.21,18.84,36335.0,10158000.0,193980968.0,20140423
19.04,18.98,19.49,18.31,18.95,30744.0,11843400.0,226390582.0,20140430
19.08,19.03,19.4,18.91,19.08,34139.0,10809300.0,209297193.0,20140508
18.47,19.04,19.16,18.47,18.5,26059.0,7370600.0,139981852.0,20140515
18.89,18.55,18.91,18.27,18.91,37913.0,10424300.0,196548891.0,20140522
19.79,18.91,19.99,18.85,19.83,21551.0,5592500.0,110552685.0,20140529
20.54,19.62,20.87,19.61,20.55,31597.0,12471200.0,256794049.0,20140605
20.07,20.78,20.98,19.99,20.07,32448.0,10546400.0,219019177.0,20140613
19.98,20.08,20.68,19.82,19.95,21771.0,6583500.0,134914448.0,20140623
19.9,20.11,20.27,19.37,19.91,20315.0,5280400.0,105477304.0,20140630
20.92,20.17,21.17,19.85,20.92,14945.0,4354400.0,90138113.0,20140707
21.4,20.89,22.21,20.38,21.48,39710.0,10351700.0,223666201.0,20140715
21.63,21.58,22.18,20.99,21.54,37107.0,11232700.0,243399216.0,20140722
21.14,21.43,21.85,21.01,21.22,18885.0,6454900.0,140190844.0,20140729
20.98,21.37,21.73,20.93,21.01,32609.0,9468300.0,204129195.0,20140805
21.9,21.03,21.98,20.74,21.84,24004.0,9649700.0,209790390.0,20140812
22.25,21.96,22.26,21.49,22.22,26608.0,6922500.0,153202520.0,20140819
22.09,22.22,22.71,22.06,22.14,25557.0,7423200.0,167343470.0,20140826
21.53,22.22,22.25,21.08,21.63,30090.0,9969200.0,217068565.0,20140902
21.77,21.55,22.11,21.28,21.73,27794.0,8146900.0,178990386.0,20140909
22.93,21.63,23.46,21.53,23.06,45117.0,13618300.0,313680511.0,20140916
22.7,23.05,23.61,22.59,22.7,32724.0,9769800.0,229371604.0,20140923
23.79,22.65,23.94,22.54,23.79,40096.0,13559200.0,319118642.0,20140930
22.37,23.87,24.22,21.94,22.39,58982.0,18689300.0,441348323.0,20141007
21.53,22.75,23.2,20.78,21.55,43396.0,15841600.0,349902648.0,20141014
22.29,21.78,22.55,20.37,22.3,55385.0,16446400.0,358270601.0,20141021
23.08,22.3,23.85,21.54,23.09,78972.0,22352800.0,508431180.0,20141028
23.74,22.7,23.98,22.29,23.74,42430.0,12386200.0,288431780.0,20141104
23.75,23.78,24.46,22.65,23.78,39388.0,14482500.0,345378366.0,20141111
24.38,23.91,24.61,23.46,24.47,23488.0,7995200.0,193161832.0,20141118
22.9,24.49,24.49,22.58,22.9,51048.0,13930900.0,330729761.0,20141126
22.67,23.02,23.69,21.95,22.71,30029.0,8065100.0,185013231.0,20141203
23.5,22.8,23.6,22.24,23.49,30346.0,8547700.0,198096385.0,20141210
23.82,23.55,24.03,22.11,23.88,56014.0,15921000.0,375489099.0,20141217
24.59,23.61,25.47,23.41,24.45,20772.0,6409600.0,156375764.0,20141226
23.81,24.52,25.44,23.42,23.71,30532.0,12521000.0,307268892.0,20150106
22.68,23.85,24.09,22.44,22.72,33705.0,9751500.0,225503651.0,20150113
21.18,22.21,22.21,20.97,21.16,34519.0,11640700.0,251360001.0,20150120
22.8,21.32,23.01,21.14,22.74,34980.0,11209100.0,251996169.0,20150127
24.39,23.15,24.39,22.49,24.3,33395.0,11844700.0,278084006.0,20150203
25.06,24.16,25.06,23.75,25.01,29399.0,10000600.0,245245765.0,20150210
25.91,24.74,26.18,24.64,25.94,36267.0,13173200.0,339236917.0,20150219
26.04,26.05,26.45,25.41,25.96,29070.0,10520900.0,272331655.0,20150226
24.81,26.01,26.08,22.09,24.69,71205.0,27528900.0,678037593.0,20150305
24.78,24.01,25.67,23.82,24.77,63512.0,18196800.0,454943673.0,20150312
25.65,24.5,25.68,24.41,25.55,42143.0,11598100.0,291455975.0,20150319
25.55,25.76,26.01,25.23,25.56,8936.0,2835500.0,72648731.0,20150320
