18.66,19.96,20.16,18.24,18.66,15536.0,11276900.0,489006425.89,20080108
18.15,18.84,19.59,17.97,18.16,17680.0,14092100.0,609798680.27,20080115
16.93,17.86,18.12,16.26,16.93,22308.0,20141300.0,788283481.75,20080122
17.66,16.63,18.32,16.09,17.67,25007.0,21663900.0,863065382.46,20080130
16.12,17.62,17.76,15.64,16.16,22611.0,20369500.0,764357048.5,20080208
17.86,16.29,18.52,16.16,17.75,28515.0,22549000.0,901224170.54,20080215
18.61,18.17,18.61,17.46,18.6,16125.0,13505000.0,561460315.62,20080222
18.69,18.33,19.83,18.09,18.66,20953.0,20174600.0,878567424.48,20080229
18.25,18.71,19.4,18.13,18.4,16473.0,13167700.0,564625214.0,20080307
18.29,18.21,19.03,17.69,18.43,20400.0,18938200.0,792695290.0,20080314
17.19,17.86,18.26,17.09,17.19,24467.0,23509500.0,943082840.0,20080324
17.49,17.62,18.09,16.9,17.49,14540.0,14779200.0,592417784.0,20080331
18.26,17.79,18.66,17.66,18.23,17016.0,22388200.0,924966697.0,20080407
17.51,18.2,18.61,17.35,17.46,10420.0,8755300.0,358952583.0,20080414
19.25,17.66,19.66,17.48,19.25,18605.0,14064400.0,601603585.0,20080422
19.03,19.07,19.83,18.79,19.03,10803.0,8203700.0,360680065.0,20080429
20.4,19.26,23.02,19.08,20.43,33388.0,26217500.0,1262493766.0,20080507
20.09,20.65,21.02,20.09,20.09,16467.0,10406700.0,484660500.0,20080514
20.17,20.2,21.22,20.05,20.08,22889.0,15123500.0,710614374.0,20080521
21.3,20.1,22.09,19.96,21.29,22291.0,16686700.0,790048654.0,20080529
21.18,21.38,22.16,20.33,21.13,23456.0,17173000.0,707905354.0,20080605
19.61,21.06,21.2,18.96,20.04,22588.0,21264500.0,766170985.0,20080612
19.48,19.82,20.67,19.36,19.48,16830.0,18980700.0,686121098.0,20080619
17.76,19.43,19.54,17.73,17.79,24106.0,25198500.0,854151225.0,20080626
16.91,17.92,18.06,16.87,16.93,20766.0,22558000.0,727617965.0,20080703
17.08,16.93,17.56,16.58,17.08,23843.0,19303300.0,602801418.0,20080711
18.83,17.52,19.01,16.38,18.91,27643.0,31289700.0,1018774998.0,20080718
17.62,19.08,19.1,17.46,17.64,27105.0,28777100.0,970486381.0,20080725
17.88,17.83,18.52,17.26,17.87,19284.0,21681100.0,709944896.0,20080801
17.97,18.06,18.63,17.31,17.97,24168.0,24214900.0,797850126.0,20080808
17.16,18.13,18.26,16.98,17.16,21872.0,18668100.0,593881583.0,20080815
17.32,17.31,17.52,16.44,17.26,17712.0,14336600.0,444656444.0,20080822
16.88,17.33,17.47,16.43,16.91,16086.0,10353500.0,320132755.0,20080829
16.87,16.7,17.32,16.12,16.76,19387.0,14838100.0,455180645.0,20080905
16.87,17.65,17.65,16.06,16.98,28607.0,21534400.0,658316957.0,20080912
17.62,16.1,17.76,14.87,17.62,41071.0,35478300.0,1043680140.0,20080919
17,17.62,17.72,16.32,16.95,22661.0,23040000.0,705792483.0,20080926
15.53,16.38,17.77,15.05,15.5,25706.0,27748000.0,836007958.0,20081003
12.59,14.31,15.26,11.1,12.76,44682.0,45186600.0,1125505447.0,20081010
12.78,13.66,16.91,12.36,12.86,50867.0,39767100.0,1034692931.0,20081017
9.62,13.13,13.73,9.2,9.62,49574.0,36414900.0,779229102.0,20081024
12.83,9.56,13.7,9.21,12.86,59225.0,42265100.0,875773396.0,20081031
13.96,14.83,16.43,13.08,14.08,59092.0,43132900.0,1157032987.0,20081107
14.24,14.78,14.98,13.04,14.16,33010.0,22270500.0,565257732.0,20081114
13.08,13.7,14.46,11.12,13.08,36652.0,24071400.0,560605242.0,20081124
13.93,12.83,15.07,12.76,13.93,32397.0,19736500.0,508743740.0,20081201
16.56,14.37,16.6,14.08,16.49,38009.0,24663100.0,675479952.0,20081208
15.72,16.47,16.87,15.22,15.7,30322.0,19611500.0,577994490.0,20081215
15.31,15.95,16.87,15.07,15.23,32405.0,19514300.0,576369548.0,20081222
15.96,15.39,16.16,13.96,16.16,19287.0,13794000.0,368051137.0,20090102
15.64,15.87,16.71,15.31,15.67,26455.0,18399700.0,532009662.0,20090109
13.24,15.52,15.6,12.57,13.23,49786.0,35509900.0,885510511.0,20090116
12.91,13.44,13.63,12.21,12.86,36470.0,29298400.0,675086298.0,20090123
12.86,12.92,13.61,12.47,12.87,30303.0,22950200.0,541864911.0,20090130
14.41,12.65,14.5,12.47,14.38,38826.0,25801900.0,621913306.0,20090206
14.05,14.24,14.64,13.29,13.99,31859.0,21752000.0,549118618.0,20090213
12.63,13.9,14.08,12.36,12.61,33615.0,30748700.0,735799062.0,20090220
11.56,12.28,12.86,11.23,11.53,36335.0,24236100.0,531662116.0,20090303
12.96,11.84,13.08,11.7,12.9,35781.0,29895500.0,660278977.0,20090310
13.72,13.1,13.93,12.66,13.76,42855.0,27595500.0,661087264.0,20090317
14.44,13.72,14.99,13.56,14.43,42527.0,32725700.0,832770078.0,20090324
14.28,14.56,15.07,14.1,14.32,41545.0,30680000.0,799509090.0,20090331
15.82,14.25,16.0,14.1,15.76,40894.0,36216300.0,994910807.0,20090407
15.47,15.86,16.46,15.1,15.53,42786.0,38607000.0,1096543686.0,20090415
15.57,15.65,16.13,14.99,15.55,49841.0,35290700.0,975413728.0,20090423
16.83,15.59,17.12,15.08,16.87,48495.0,34041200.0,988716520.0,20090430
17.04,17.39,18.61,16.39,17.02,56244.0,47832200.0,1503441271.0,20090508
15.87,16.65,16.81,15.67,15.88,41834.0,34368200.0,989054920.0,20090515
16.99,16.11,17.21,16.03,16.97,39909.0,32352400.0,967285117.0,20090522
17.79,16.95,18.09,16.71,17.82,41919.0,38804900.0,1228472272.0,20090529
17.57,18.26,18.46,17.2,17.55,36549.0,29102900.0,934006318.0,20090605
17.2,17.42,17.98,16.86,17.22,29518.0,20578400.0,645846939.0,20090615
16.92,17.4,17.56,16.74,16.93,30376.0,23393500.0,713977555.0,20090622
17.57,17.07,17.68,16.36,17.51,37560.0,29856100.0,908683086.0,20090629
17.36,17.71,17.76,16.89,17.37,36358.0,22098700.0,687093804.0,20090706
16.63,17.28,17.31,16.45,16.63,47088.0,33014900.0,993236001.0,20090714
18.09,16.9,18.39,16.87,18.14,46078.0,26850600.0,851115402.0,20090721
18.99,17.96,19.19,17.85,18.87,39383.0,30052600.0,1013345018.0,20090728
19.15,18.66,19.2,18.44,19.12,35305.0,21518300.0,728547748.0,20090804
19.26,19.15,20.19,18.92,19.3,60247.0,32037000.0,1121229755.0,20090811
18.88,19.26,19.43,18.03,18.86,41741.0,25083800.0,841206691.0,20090818
19.64,18.67,19.92,18.52,19.66,47490.0,23822700.0,826400817.0,20090825
19.21,19.64,20.2,19.16,19.2,36946.0,27876200.0,941738906.0,20090901
20,19.21,20.2,18.89,20,39481.0,22380700.0,707037373.0,20090909
20.89,19.88,21.04,19.82,20.95,32713.0,21538700.0,712639507.0,20090916
20.59,20.78,21.39,20.52,20.56,32287.0,24652200.0,839789732.0,20090923
22,20.89,22.42,20.14,21.78,49344.0,32122300.0,1111373356.0,20090930
21.76,22.01,23.11,21.53,21.76,67031.0,44545000.0,1598651041.0,20091007
22.89,22.03,23.06,21.66,22.83,43958.0,28402000.0,1027768296.0,20091015
22.8,22.37,22.96,21.64,22.81,43241.0,33977700.0,1233681827.0,20091022
21.56,23.11,23.32,20.33,21.75,43836.0,30330800.0,1069566128.0,20091029
22.73,21.78,22.86,20.54,22.63,54324.0,34187800.0,1204218427.0,20091106
23.76,22.86,23.76,22.68,23.7,40975.0,28624200.0,1074439760.0,20091113
23.43,23.68,23.96,22.86,23.41,33182.0,21605300.0,820097512.0,20091123
23.64,23.44,24.03,22.94,23.6,28791.0,20922700.0,792556966.0,20091130
24.8,23.79,25.05,23.79,24.82,37450.0,26745700.0,1059186619.0,20091207
24.4,24.64,25.2,24.3,24.44,30188.0,19213500.0,765821480.0,20091214
23.62,24.43,25.02,23.43,23.57,32973.0,22217100.0,865268005.0,20091221
23.88,23.84,24.11,23.26,24.04,24635.0,17044300.0,651793092.0,20091230
24.2,24.23,25.24,24.17,24.2,36382.0,23539400.0,936567546.0,20100108
23.29,24.43,24.59,23.07,23.26,44270.0,27409700.0,1045728785.0,20100115
22.33,23.31,23.69,22.02,22.27,37100.0,28964200.0,1057584729.0,20100122
23.09,22.05,23.23,21.81,23.07,40347.0,26811800.0,970383670.0,20100201
21.61,23.26,23.5,21.05,21.55,40267.0,27994700.0,998803209.0,20100208
23.57,22.25,23.71,22.16,23.58,35376.0,26106200.0,955239672.0,20100217
22.43,23.45,23.69,22.37,22.38,25232.0,19101600.0,703607405.0,20100224
23.33,22.03,23.86,21.94,23.4,37658.0,25123600.0,918640439.0,20100303
23.85,23.59,24.27,23.19,23.8,37441.0,20913300.0,787188896.0,20100310
23.64,23.73,24.18,23.39,23.64,26787.0,15071200.0,568260358.0,20100317
22.97,23.75,23.76,22.96,23.04,29971.0,21356700.0,790670750.0,20100324
24.62,23.14,24.72,23.11,24.57,37073.0,22240600.0,845146680.0,20100331
25.24,24.71,25.31,24.15,25.24,33752.0,21405000.0,841490219.0,20100408
24.87,25.24,25.39,24.62,24.87,35876.0,21372900.0,847960546.0,20100415
23.83,24.81,24.89,23.47,23.9,38173.0,23249300.0,882349689.0,20100423
23.71,23.92,24.11,22.72,23.73,39248.0,24784100.0,925727294.0,20100430
22.77,23.67,24.04,21.93,22.8,58081.0,32526000.0,1188415449.0,20100507
22.71,23.91,23.91,22.45,22.71,34420.0,19323700.0,714199848.0,20100514
21.11,22.71,23.13,20.35,21.11,64787.0,41210400.0,1395061598.0,20100521
21.14,21.05,21.46,19.53,21.1,89562.0,68128100.0,2222806863.0,20100528
20.87,21.55,22.3,20.86,20.89,43160.0,24470000.0,836758609.0,20100607
21.71,21.11,22.32,20.82,21.69,35341.0,16482500.0,563277628.0,20100614
22.37,21.79,22.56,21.74,22.38,34962.0,21282700.0,748942887.0,20100621
21.71,22.3,22.58,21.33,21.71,41381.0,21851400.0,760211894.0,20100628
21.14,21.45,21.73,20.44,21.15,53629.0,33799200.0,1126237230.0,20100705
23.66,21.46,23.98,21.36,23.66,68240.0,40398800.0,1466805339.0,20100713
23.53,23.46,23.7,22.68,23.46,43902.0,23790800.0,875501629.0,20100720
24.36,23.7,24.67,23.25,24.35,38828.0,23404300.0,890286602.0,20100727
24.39,24.35,25.26,24.23,24.41,56968.0,35285600.0,1382092927.0,20100803
24.27,24.52,24.59,23.77,24.25,47590.0,25279500.0,963277445.0,20100810
24.29,24.08,24.39,23.59,24.3,30234.0,17511900.0,660424770.0,20100817
23.29,24.2,24.46,23.19,23.27,35413.0,18786400.0,704559486.0,20100824
24.14,23.27,24.14,22.7,24.1,51314.0,38663200.0,1425773535.0,20100831
23.87,24.22,24.59,23.72,23.87,34235.0,23050200.0,874425195.0,20100908
24.92,23.91,25.03,23.57,24.93,41486.0,22473700.0,860727212.0,20100915
24.72,24.87,24.96,24.29,24.72,39385.0,20606500.0,796860406.0,20100922
25.35,24.42,25.35,24.31,25.31,55040.0,34146800.0,1332017457.0,20100929
26.4,25.34,26.78,25.3,26.4,56278.0,34401800.0,1406545721.0,20101006
27.09,26.65,27.35,26.17,27,50206.0,27251000.0,1149245167.0,20101014
26.91,27.09,27.54,26.63,26.94,45365.0,23275900.0,988327945.0,20101021
26.27,26.97,27.37,26.19,26.25,62353.0,30103100.0,1264966312.0,20101028
27.62,26.39,27.74,26.11,27.74,52567.0,32829300.0,1390804828.0,20101105
26.77,27.56,27.9,26.32,26.66,47297.0,25007100.0,1061218889.0,20101112
26.28,26.62,26.87,25.96,26.27,46648.0,21592500.0,892886511.0,20101122
25.26,25.96,26.36,24.93,25.29,53034.0,31128000.0,1252257555.0,20101129
25.02,25.17,25.9,24.84,24.87,59220.0,32212100.0,1278873933.0,20101206
24.54,25.23,25.44,24.26,24.57,60578.0,28892500.0,1115344437.0,20101213
23.65,24.65,24.75,23.65,23.92,60355.0,30227200.0,1154470849.0,20101220
24.6,24.13,25.32,24.09,24.6,40250.0,21659600.0,840769534.0,20101228
25.94,24.7,26.09,24.68,25.97,42976.0,24368000.0,970369863.0,20110105
25.77,25.95,26.0,24.39,25.86,44638.0,30974600.0,1217377729.0,20110112
24.53,25.94,25.96,24.41,24.47,49251.0,28947300.0,1126255786.0,20110119
23.7,24.41,24.44,23.07,23.69,58306.0,33614900.0,1248643305.0,20110127
22.64,23.7,23.79,22.59,22.67,65987.0,36639100.0,1317408171.0,20110203
22.38,22.66,23.27,21.94,22.35,63340.0,37847100.0,1325219035.0,20110210
24.57,22.47,24.67,22.26,24.48,74082.0,39606800.0,1467031470.0,20110217
23.42,24.42,24.66,23.16,23.43,81992.0,39066300.0,1440818488.0,20110224
23.97,23.58,23.97,22.91,23.92,59883.0,36460100.0,1331864141.0,20110303
23.28,23.79,24.14,22.44,23.28,58470.0,33519400.0,1192353777.0,20110314
23.35,22.65,23.67,22.59,23.35,56704.0,33543700.0,1194876056.0,20110321
23.89,23.38,24.24,23.32,23.89,63637.0,33936400.0,1252288042.0,20110328
25.02,24.03,25.64,23.71,25.02,65267.0,34341600.0,1310394907.0,20110404
24.24,24.95,25.19,24.15,24.24,47408.0,30518400.0,1161442428.0,20110411
23.84,24.05,24.37,23.34,23.85,51901.0,27466200.0,1013424293.0,20110418
24.42,23.97,24.87,23.97,24.42,56187.0,31502800.0,1186474186.0,20110427
22.83,24.3,24.37,22.73,22.85,74784.0,49578200.0,1787650873.0,20110504
23.8,22.84,24.36,22.79,23.8,68524.0,41765200.0,1523798399.0,20110511
22.64,23.76,24.04,22.55,22.58,68345.0,30878900.0,1104641517.0,20110518
22.55,22.73,22.87,22.09,22.55,46822.0,22263300.0,773758247.0,20110525
23.1,22.75,23.55,22.65,23.06,57726.0,32201200.0,1146597565.0,20110601
22.96,23.13,23.55,22.66,22.96,66736.0,32351800.0,1147120732.0,20110608
23.09,22.96,23.26,22.49,23.1,51479.0,30507400.0,1072731314.0,20110615
22.76,22.97,23.26,22.55,22.78,55288.0,27982300.0,984540677.0,20110622
23.66,22.88,23.79,22.57,23.67,56336.0,29432200.0,1052087014.0,20110630
23.07,23.67,23.98,23.05,23.1,46843.0,23239000.0,843420903.0,20110707
20.66,22.96,22.96,20.34,20.66,82851.0,57216800.0,1887374670.0,20110714
21.36,20.9,21.62,20.16,21.38,78514.0,46459300.0,1493270095.0,20110721
20.13,21.42,21.66,20.05,20.17,72270.0,37654800.0,1196607695.0,20110728
18.1,19.89,20.82,17.62,18.22,106803.0,77258600.0,2282163282.0,20110804
17.9,18.28,19.05,16.36,17.86,154868.0,91663400.0,2458232921.0,20110811
18.16,17.99,18.97,17.66,18.14,86957.0,52613800.0,1462412192.0,20110818
17.37,17.78,18.08,16.66,17.45,90166.0,57722300.0,1523707347.0,20110825
20.28,17.31,20.46,17.07,20.26,110385.0,67843800.0,1955510222.0,20110901
18.86,19.93,20.02,18.34,18.86,86904.0,46924700.0,1375098999.0,20110909
19.27,18.56,19.31,18.0,19.21,71209.0,45975400.0,1302851980.0,20110916
18.1,18.72,19.47,17.88,18.08,84314.0,48998400.0,1394252746.0,20110923
19.1,18.25,19.74,17.81,19.12,103892.0,58802900.0,1713041241.0,20110930
19.06,18.97,19.66,18.08,19.05,96126.0,54381900.0,1561116263.0,20111007
20.6,19.26,20.74,19.18,20.55,85731.0,50784900.0,1561095335.0,20111017
21.66,20.46,21.87,20.2,21.66,82578.0,44078600.0,1405075957.0,20111024
21.51,21.42,22.53,20.88,21.58,91050.0,48140300.0,1590461363.0,20111031
21.48,20.67,21.83,20.58,21.42,72907.0,41386400.0,1337043692.0,20111108
20.78,20.96,21.56,20.55,20.92,65405.0,33033000.0,1054074300.0,20111116
19.54,20.88,20.96,19.36,19.49,71771.0,47627800.0,1441227748.0,20111123
21.17,19.61,21.26,19.12,21.15,66005.0,39771400.0,1224423923.0,20111130
22.51,21.55,22.56,21.26,22.48,95415.0,52690100.0,1767908588.0,20111207
22.04,22.54,22.69,22.03,22.1,85172.0,46432500.0,1571304099.0,20111214
22.3,22.31,22.48,21.57,22.35,75454.0,38228200.0,1278038055.0,20111221
22.26,22.36,23.06,22.23,22.26,54685.0,23738100.0,815120565.0,20111228
23.07,22.39,23.33,22.2,23.08,63574.0,27828100.0,957585020.0,20120105
23.77,23.15,24.02,22.96,23.77,66571.0,27018500.0,955663567.0,20120112
24.58,23.75,24.66,23.42,24.58,88778.0,40099100.0,1448121215.0,20120119
24.07,24.49,24.87,23.72,24.07,91316.0,47079500.0,1711623729.0,20120127
23.82,23.78,24.0,23.08,23.84,88279.0,52350100.0,1851314369.0,20120203
24.37,23.72,24.87,23.53,24.23,76224.0,42995500.0,1569814475.0,20120210
24.47,24.47,25.0,23.76,24.48,70272.0,33126700.0,1217790589.0,20120217
24.41,24.47,24.56,23.63,24.34,55534.0,26564200.0,960627193.0,20120228
24.15,24.44,25.57,24.1,24.2,66363.0,35822400.0,1322316845.0,20120306
25.69,24.47,26.03,24.26,25.78,80461.0,42434000.0,1603668004.0,20120313
25.58,25.65,26.24,25.4,25.54,48160.0,33670100.0,1292731059.0,20120320
24.79,25.4,25.64,24.34,24.89,63993.0,34508000.0,1272572943.0,20120327
23.51,24.77,24.86,23.33,23.46,73230.0,36458400.0,1287370148.0,20120403
21.46,23.25,23.34,21.04,21.41,92220.0,53492600.0,1749585930.0,20120411
21.07,21.73,22.22,20.85,21.04,84903.0,47079300.0,1497877985.0,20120418
19.91,20.99,21.99,19.91,19.95,114027.0,76576700.0,2373274449.0,20120425
19.69,19.77,20.35,19.35,19.76,101730.0,62103600.0,1830157377.0,20120503
19.08,19.76,20.07,18.97,19.05,111861.0,67350300.0,1943463251.0,20120510
18.16,18.95,19.79,18.02,18.18,100040.0,61073500.0,1721615917.0,20120517
18.96,18.34,19.57,18.16,19.05,113550.0,60560000.0,1699213028.0,20120524
19.76,18.84,19.77,18.46,19.76,84897.0,55111700.0,1566471109.0,20120531
19.34,19.37,19.83,18.4,19.42,96219.0,49132000.0,1403589067.0,20120608
20.2,19.63,20.36,19.37,20.16,82806.0,43250600.0,1273726611.0,20120615
19.05,20.13,20.7,18.88,19.05,75103.0,39712800.0,1175559445.0,20120622
19.06,18.7,19.11,18.15,19.06,81002.0,36756800.0,1010771751.0,20120629
19.86,19.01,20.18,18.73,19.78,68374.0,32231400.0,934063922.0,20120706
19.64,19.82,19.92,18.59,19.63,101173.0,44885900.0,1278629658.0,20120716
19.65,19.76,20.42,19.36,19.67,80247.0,39166900.0,1155447435.0,20120723
22.42,20.26,22.49,20.06,22.43,117944.0,65331100.0,2047371901.0,20120730
22.45,22.65,22.75,21.3,22.5,98836.0,44739600.0,1447754728.0,20120806
23.12,22.63,23.42,22.45,23.12,77463.0,42674800.0,1441394545.0,20120813
23.5,23.18,23.86,22.78,23.46,75403.0,34312700.0,1174287583.0,20120820
22.86,23.58,23.77,22.65,22.84,85497.0,40482900.0,1374925241.0,20120827
21.78,22.82,23.02,21.55,21.8,92105.0,37680600.0,1222644069.0,20120903
22.54,21.68,22.65,21.23,22.5,88316.0,41038600.0,1322342638.0,20120911
23.04,22.59,24.27,22.56,23.04,106798.0,55573700.0,1912168421.0,20120918
21.61,23.01,23.33,21.58,21.61,99757.0,62533200.0,2062934906.0,20120925
21.16,21.49,21.95,20.74,21.13,106068.0,61173600.0,1904830704.0,20121002
20.51,21.18,21.34,20.38,20.52,77555.0,36325100.0,1110775456.0,20121009
20.33,20.52,20.73,19.83,20.36,80587.0,42590000.0,1266870256.0,20121017
20,20.27,20.49,19.21,20.05,100585.0,56690800.0,1650956550.0,20121024
20.19,20.43,20.76,19.86,20.2,63392.0,27445600.0,817563835.0,20121031
20.31,20.15,21.46,20.13,20.28,87155.0,45729300.0,1392877323.0,20121109
21.25,20.31,21.25,20.12,21.21,75596.0,36337000.0,1095791564.0,20121119
21.14,21.07,21.88,20.95,21.13,72728.0,34407200.0,1083245405.0,20121127
22.13,20.98,22.68,20.93,22.12,114462.0,55695900.0,1785259909.0,20121204
22.53,22.31,22.65,21.98,22.53,86132.0,45435100.0,1484966357.0,20121211
22.55,22.58,22.67,22.14,22.56,89270.0,39934800.0,1310285579.0,20121218
23.04,22.53,23.59,22.35,23.02,97984.0,42771200.0,1444766025.0,20121227
24.04,22.99,24.67,22.71,24,91256.0,47203100.0,1635914051.0,20130107
24.49,24.06,24.58,23.8,24.41,80680.0,45085600.0,1582662982.0,20130114
24.72,24.38,24.96,23.94,24.7,72909.0,29990400.0,1067853414.0,20130121
23.99,24.64,25.03,23.68,23.92,79971.0,42103800.0,1490754811.0,20130129
23.53,23.86,23.97,22.85,23.53,85339.0,49524200.0,1687447289.0,20130205
23.3,23.53,23.66,22.71,23.33,70003.0,39853000.0,1336790482.0,20130214
23.3,23.25,24.6,23.19,23.46,90306.0,50916300.0,1764861114.0,20130221
24.22,23.53,24.67,23.4,24.15,103876.0,47993800.0,1669956317.0,20130228
25.09,23.93,25.26,23.87,24.95,96357.0,42288100.0,1496186987.0,20130307
24.81,24.89,25.86,24.54,24.78,98923.0,44782500.0,1621504261.0,20130314
25.09,24.82,25.37,24.47,25.1,108311.0,42945200.0,1538116894.0,20130321
25.1,25.12,25.18,24.2,25.1,84340.0,37760600.0,1336101487.0,20130328
23.61,25.01,25.18,23.0,23.64,111763.0,47850200.0,1643623589.0,20130405
24.14,23.64,24.86,23.2,24.09,86042.0,34986300.0,1211396532.0,20130412
23.32,23.93,24.29,22.56,23.26,98556.0,49203700.0,1648060190.0,20130419
22.82,23.27,23.84,22.68,22.82,93678.0,42175300.0,1406015198.0,20130426
23.46,22.98,23.9,22.46,23.46,107850.0,47876800.0,1594428231.0,20130506
23.77,23.51,24.73,23.34,23.76,90542.0,38005400.0,1316804151.0,20130513
24.82,23.77,24.88,23.61,24.82,94751.0,55292200.0,1922991435.0,20130520
25.18,25.07,25.7,24.59,25.18,110325.0,44993800.0,1473896291.0,20130527
24.91,25.37,25.62,24.4,24.87,138461.0,58769400.0,1897642003.0,20130604
23.08,24.84,24.89,23.08,23.09,109120.0,60124500.0,1866682583.0,20130611
22.56,23.35,23.49,22.34,22.53,118615.0,59551500.0,1776165823.0,20130618
21.35,22.63,22.65,21.01,21.35,193807.0,97492100.0,2765582394.0,20130625
20.92,21.53,22.39,20.6,20.97,147189.0,69886600.0,1969043049.0,20130702
20.78,20.93,21.24,19.89,20.71,138267.0,72424100.0,1942121474.0,20130710
21.86,21.03,21.94,20.82,21.8,103784.0,50494800.0,1400946502.0,20130717
22.3,21.77,22.82,21.58,22.26,107717.0,51563400.0,1483449710.0,20130724
22.37,22.18,23.12,21.79,22.46,115361.0,52366700.0,1525478253.0,20130731
22.06,22.58,23.36,21.83,22.06,115876.0,53037200.0,1560203325.0,20130807
23.36,22.21,23.79,22.08,23.4,157595.0,75837900.0,2268296357.0,20130814
22.11,23.03,23.43,21.94,22.15,137697.0,68490500.0,1996520391.0,20130821
21.95,22.37,23.0,21.68,21.97,106625.0,49988300.0,1434801007.0,20130828
22.55,22.06,23.32,22.03,22.56,94515.0,44559000.0,1291463097.0,20130904
24.1,22.56,24.37,22.55,24.05,125769.0,60610700.0,1843768285.0,20130911
25.41,24.1,25.48,23.7,25.29,115070.0,49003700.0,1539001410.0,20130918
24.5,25.26,25.26,24.25,24.49,110952.0,56154500.0,1779810795.0,20130925
24.61,24.49,25.25,24.07,24.58,107143.0,49010400.0,1557227373.0,20131002
24.7,24.62,24.94,24.18,24.78,88983.0,34634800.0,1097013819.0,20131009
25.52,24.93,25.64,24.68,25.47,122887.0,53402700.0,1727089093.0,20131016
25.82,25.28,26.42,25.28,25.9,107252.0,49706000.0,1664272103.0,20131023
26.93,26.05,26.97,25.56,26.84,90461.0,46707600.0,1586210312.0,20131030
26.06,26.68,26.98,25.79,25.99,102187.0,46844800.0,1598639071.0,20131106
25.64,25.96,26.39,24.77,25.64,107801.0,47471500.0,1549896702.0,20131113
25.1,25.68,26.51,24.69,25.15,111119.0,50447900.0,1670406372.0,20131122
25.57,25.19,25.74,24.31,25.61,100058.0,52941200.0,1714573683.0,20131129
24.57,25.24,25.87,24.06,24.58,108776.0,55177400.0,1751074780.0,20131206
24.17,24.63,25.05,23.76,24.16,82761.0,37226800.0,1160965121.0,20131213
24.57,24.19,25.05,24.13,24.54,75844.0,47304800.0,1488755810.0,20131220
24.62,24.67,25.09,24.43,24.66,70255.0,40553300.0,1282078931.0,20140102
24.12,24.67,24.92,24.08,24.15,94837.0,71377700.0,2240163772.0,20140109
23.92,24.18,24.67,23.87,23.89,85197.0,59070000.0,1831769421.0,20140116
23.25,24.05,24.09,23.16,23.16,81519.0,49323000.0,1487015087.0,20140123
23.2,23.22,23.87,22.65,23.19,126268.0,61064900.0,1807788042.0,20140130
25.09,22.99,25.21,22.86,25.1,181292.0,92091300.0,2838055405.0,20140206
24.64,25.01,25.29,24.15,24.58,136250.0,48797800.0,1541883021.0,20140213
24.68,24.6,25.08,24.1,24.68,110835.0,45404500.0,1416037652.0,20140220
25.05,24.77,25.14,24.54,25.07,101878.0,37691500.0,1173512278.0,20140227
24.38,25.09,25.37,23.94,24.38,102581.0,45523200.0,1411714075.0,20140310
23.75,24.62,24.82,23.2,23.79,124623.0,50446000.0,1517348146.0,20140317
25.87,23.93,25.89,23.66,25.74,131257.0,51176200.0,1593143214.0,20140324
27.02,25.81,27.05,25.43,26.99,138059.0,64724500.0,2150567965.0,20140331
28.05,27.03,28.37,26.81,27.97,150879.0,60069400.0,2084090500.0,20140407
27.84,28.3,28.94,26.92,27.86,126449.0,60816400.0,2114534184.0,20140414
28.64,27.56,28.76,26.8,28.64,118218.0,52080900.0,1825401044.0,20140423
29.33,28.64,29.77,28.46,29.31,133652.0,58381000.0,2140016005.0,20140430
29.62,29.23,30.26,29.17,29.57,114242.0,56680000.0,2122239031.0,20140508
29.67,29.67,30.0,29.25,29.7,77370.0,32259300.0,1200515981.0,20140515
28.97,29.73,30.12,28.13,29.01,110300.0,47343300.0,1739532015.0,20140522
28.53,28.97,29.24,28.18,28.55,92425.0,42770300.0,1540667763.0,20140529
27.63,28.29,28.5,27.45,27.6,93299.0,48214900.0,1681797786.0,20140605
30.14,28.76,30.43,28.2,30.06,134485.0,70469600.0,2363889021.0,20140613
29.27,29.97,30.08,28.8,29.27,84754.0,38918700.0,1308703442.0,20140623
27.94,29.1,29.65,27.76,27.97,88550.0,39201600.0,1274690251.0,20140630
27.95,28.2,28.43,27.53,27.96,52779.0,24813900.0,787912690.0,20140707
30.07,27.99,30.28,27.76,30.09,100275.0,50369500.0,1674631146.0,20140715
31.07,29.93,31.46,29.01,31.07,122385.0,59938400.0,2065339607.0,20140722
31.36,30.77,31.97,30.65,31.36,79514.0,43852300.0,1562065016.0,20140729
31.6,31.47,32.34,30.37,31.61,131917.0,57927400.0,2056407305.0,20140805
31.22,31.57,32.02,30.39,31.25,100557.0,40304200.0,1432104057.0,20140812
33.37,31.37,33.37,30.5,33.22,138329.0,57821300.0,2069662256.0,20140819
34.32,33.2,34.37,32.97,34.29,98313.0,47718700.0,1808452411.0,20140826
36.69,34.54,36.75,34.44,36.68,141500.0,61197700.0,2454773351.0,20140902
34.6,36.83,36.93,34.08,34.56,147892.0,66234600.0,2657582915.0,20140909
34.43,34.25,35.54,32.58,34.3,151777.0,73551000.0,2806853922.0,20140916
32.75,35.26,35.37,32.5,32.74,116065.0,52004500.0,1982730447.0,20140923
29.85,32.68,33.63,29.74,29.92,146651.0,73610400.0,2613185006.0,20140930
32.8,29.55,35.2,28.94,32.67,212641.0,109978000.0,3913305203.0,20141007
33.82,33.28,34.61,31.07,34,179733.0,97010000.0,3592857196.0,20141014
30.17,33.11,33.4,29.37,30.21,196178.0,110224500.0,3918683113.0,20141021
29.98,29.99,30.62,26.91,29.98,248167.0,130435200.0,4262637127.0,20141028
33.04,29.86,33.7,29.13,32.91,180220.0,90473900.0,3230833437.0,20141104
32.07,32.68,33.27,31.19,32.02,104151.0,45704800.0,1654871805.0,20141111
32.17,31.74,32.97,30.42,32.19,105509.0,47308800.0,1682977689.0,20141118
34.92,32.21,36.22,32.02,34.98,154881.0,79936300.0,3111254201.0,20141126
32.46,34.95,35.44,31.97,32.57,108868.0,51855900.0,1948059498.0,20141203
31.21,33.07,33.08,30.9,31.21,113608.0,49499700.0,1780581462.0,20141210
30.3,31.32,31.75,28.41,30.37,165634.0,87143900.0,2947404020.0,20141217
30.77,30.86,31.47,29.95,30.73,91994.0,40261500.0,1396166246.0,20141226
30.96,30.68,31.17,29.35,30.91,102829.0,56953700.0,1950212338.0,20150106
30.1,31.09,32.43,30.02,30.19,126466.0,58218800.0,2042199796.0,20150113
29.62,29.85,31.23,29.27,29.67,126920.0,56398400.0,1919324457.0,20150120
30.47,29.94,31.09,29.47,30.43,130183.0,60106900.0,2054289648.0,20150127
30.39,30.11,30.8,28.84,30.47,150607.0,70806000.0,2370909777.0,20150203
30.99,30.39,31.78,30.2,30.96,185491.0,83718500.0,2941511824.0,20150210
32.38,31.17,33.01,30.07,32.39,108943.0,55337400.0,1928069569.0,20150219
33.6,32.69,33.6,32.03,33.58,106071.0,41028900.0,1487966291.0,20150226
32.5,33.51,34.12,32.37,32.48,143034.0,64340800.0,2342626159.0,20150305
30.83,32.46,32.86,29.67,30.87,214388.0,107661400.0,3643211080.0,20150312
32.46,30.18,32.71,30.1,32.46,182246.0,74072200.0,2551797025.0,20150319
32.53,32.71,33.13,32.53,32.59,28927.0,15490200.0,558533942.0,20150320
