Interval days: Stock: Year: 
0.768287023398 8.6 20110103
0.592460943601 8.6 20110104
0.639752984568 8.5 20110105
0.677859388528 8.4 20110106
0.600008434632 8.4 20110107
0.703086991498 8.3 20110110
0.730780864201 8.4 20110111
0.737948002094 8.3 20110112
0.236585720713 8.0 20110113
0.536575509871 8.0 20110114
0.342252596087 7.9 20110117
0.54593150796 8.0 20110118
0.652807510213 7.8 20110119
0.749886724596 7.7 20110120
0.330729746415 7.7 20110121
0.452118766226 7.5 20110124
0.353123908917 7.7 20110126
0.754795447519 7.9 20110127
0.148158052814 7.8 20110128
0.0250397839111 7.6 20110131
0.230067690768 7.5 20110201
0.576500985179 7.5 20110202
0.363539978632 7.5 20110203
0.751898744221 7.4 20110204
0.426047253591 7.3 20110207
0.257981961764 7.3 20110208
0.371100525028 7.4 20110209
0.737435720583 7.2 20110210
0.394009706744 7.1 20110211
0.642820682916 7.4 20110214
0.771138183111 7.3 20110215
0.0997538178049 7.4 20110216
0.20905528592 7.6 20110217
0.619345643904 7.6 20110218
0.418291226268 7.7 20110221
0.29145159896 7.0 20110222
0.0496235412246 7.5 20110223
0.543351717251 7.3 20110224
0.601527466253 7.3 20110225
1.20131872099 7.3 20110228
0.697985100859 7.5 20110301
0.0865771097412 7.5 20110302
0.42474533548 7.9 20110303
0.378320991197 7.7 20110304
0.375626108442 7.6 20110309
0.770663711084 7.5 20110310
0.751604990052 7.0 20110311
0.874318948463 7.7 20110314
0.540728137241 7.6 20110315
0.00448386018005 7.7 20110316
0.505865664886 7.5 20110317
0.739253844374 7.5 20110318
0.678062354286 7.6 20110321
0.40456735115 7.6 20110322
0.570794514455 7.6 20110323
0.206729105421 7.7 20110324
0.353796622439 7.0 20110325
0.41943215216 7.6 20110328
0.590036850222 7.5 20110329
0.566027515798 7.5 20110330
0.60139653092 7.7 20110331
0.440961168502 7.7 20110401
0.650218053604 8.0 20110404
0.534584436701 7.9 20110405
0.49459151708 8.0 20110406
0.378662305272 7.9 20110407
0.065622744272 7.8 20110408
0.880096303348 7.8 20110411
0.533103550596 7.7 20110412
0.368251712391 7.8 20110413
0.676811919292 7.7 20110414
0.347183234815 7.9 20110415
0.579565061696 7.9 20110418
0.824197725131 8.0 20110419
0.463671872521 8.2 20110420
0.592473101647 8.2 20110425
0.530022627952 8.3 20110426
0.724361368098 8.4 20110427
0.403769134488 8.4 20110428
0.345169676383 8.3 20110429
0.499818651874 8.5 20110502
0.519821508146 8.6 20110503
0.314779421234 8.5 20110504
0.557070075305 8.0 20110505
0.333195382652 8.8 20110506
0.498856924415 8.8 20110509
0.591051169162 8.0 20110510
0.136084704049 8.6 20110511
0.402661991332 8.5 20110512
0.13383756531 8.5 20110513
0.632129598381 8.5 20110516
0.515335593682 8.4 20110517
0.247221641048 8.5 20110518
0.435118342441 8.5 20110519
0.326930820833 8.4 20110520
0.365843208656 8.3 20110523
0.435118905553 8.4 20110524
0.665028681932 8.4 20110525
0.501577457435 8.0 20110526
0.302613422386 8.3 20110527
0.328030260214 8.4 20110530
0.0658582276524 8.3 20110531
0.972925461922 8.3 20110601
0.426573718537 8.0 20110602
0.701973272387 8.2 20110603
0.633378663024 8.4 20110606
0.525201451582 8.3 20110607
0.46778984449 8.3 20110608
0.629258693752 8.5 20110609
0.468343520058 8.6 20110610
0.297548175228 8.5 20110613
0.378634131604 8.4 20110614
0.37726722205 8.4 20110615
0.220891947749 8.3 20110616
0.697370300709 8.4 20110617
0.44639993532 8.3 20110620
0.463865133215 8.5 20110621
0.481903275683 8.5 20110622
0.591969048916 8.6 20110624
-0.148426451068 8.5 20110627
0.798067507335 8.6 20110628
0.453857927331 8.7 20110629
0.532403384052 8.0 20110630
0.493152041494 8.8 20110701
0.443894016661 8.9 20110704
0.946577230745 8.8 20110705
0.365984125562 9.0 20110706
0.465869150864 9.1 20110707
0.644361412049 8.8 20110708
0.628876999142 8.6 20110711
0.590124529169 8.5 20110712
0.766863128681 8.5 20110713
0.707470966543 8.5 20110714
0.423926338726 8.6 20110715
0.555628683576 8.0 20110718
0.204947922385 8.0 20110719
0.371835452792 8.6 20110720
0.294374609622 8.4 20110721
0.726956198365 8.3 20110722
0.342239549405 8.3 20110725
0.667855924085 8.0 20110726
0.235031124447 8.0 20110727
0.263812682201 7.9 20110728
0.828979738772 8.0 20110729
0.0313905228332 7.9 20110801
0.269538547023 7.9 20110802
0.501050399686 8.0 20110803
0.473459899355 7.8 20110804
0.458293931783 7.8 20110805
0.91353400984 7.9 20110808
0.624999829708 7.6 20110809
0.896030566616 7.8 20110810
0.710331787037 8.0 20110811
0.670719346804 8.3 20110812
0.285842302482 8.5 20110815
0.641050349519 8.5 20110816
0.503319233335 8.8 20110817
0.49673698124 8.6 20110818
0.338731122258 8.8 20110819
0.493672950199 9.0 20110822
0.447667849582 8.9 20110823
0.35189081248 9.1 20110824
0.498844849807 9.1 20110825
0.620157407556 9.1 20110826
0.506686109215 9.1 20110829
0.528541875137 9.2 20110830
0.763013474123 9.4 20110831
0.39705414727 9.6 20110901
0.497904211824 9.4 20110902
0.584735349781 9.2 20110905
1.00526200465 9.3 20110906
0.505604812928 9.4 20110908
0.571710836296 9.3 20110909
0.42590490378 9.2 20110912
0.577370077964 9.3 20110913
0.641728305476 9.4 20110914
0.85688875439 9.5 20110915
0.628247871065 9.4 20110916
0.396010867199 9.0 20110919
0.252223302485 9.7 20110920
0.361742623806 9.8 20110921
0.622870932193 9.6 20110922
0.170852811301 9.6 20110923
0.928460933455 9.7 20110926
1.05635322712 9.7 20110927
0.576989344526 9.5 20110928
0.787261495228 9.6 20110929
0.568404228014 9.6 20110930
0.616619698514 9.7 20111003
0.413837587729 9.6 20111004
0.569561884941 9.7 20111005
0.610346382355 9.9 20111006
0.565483056472 9.8 20111007
0.591184211613 9.9 20111010
0.296143874985 9.8 20111011
0.538131669861 9.8 20111013
0.621011195124 9.9 20111014
0.832452315842 9.8 20111017
0.437900778222 10.0 20111018
0.648918408537 10.2 20111019
0.253180368894 10.3 20111020
0.565131621975 10.0 20111021
0.336941737502 10.3 20111024
0.15391345792 10.1 20111025
0.322955477084 10.0 20111026
0.525532665073 10.3 20111027
0.353792058272 10.0 20111028
0.528996791193 9.9 20111031
0.100832850497 9.9 20111101
0.825004351734 10.1 20111103
0.618268349259 10.0 20111104
0.627169945284 10.1 20111107
0.675358543737 10.0 20111108
0.478229627463 9.9 20111109
0.569975688727 10.1 20111110
0.437255857595 10.1 20111111
0.909777588449 10.1 20111114
-0.459920854075 10.1 20111116
0.469581551796 10.2 20111117
0.402146842243 10.1 20111118
0.429223326986 10.0 20111121
0.637093769207 10.0 20111122
0.530221188796 10.0 20111123
0.355971518501 10.2 20111124
0.332560099302 10.2 20111125
0.70632894884 10.2 20111128
0.627202326198 10.0 20111129
0.478575771732 10.0 20111130
0.609366695063 10.6 20111201
0.747649167216 10.0 20111202
0.567089897278 11.0 20111205
0.60352377134 10.0 20111206
0.377952499468 11.0 20111207
0.879633241301 11.1 20111208
0.62731328634 11.2 20111209
0.649730134054 11.3 20111212
0.484515080913 11.2 20111213
0.631230560427 11.4 20111214
0.672646511695 11.4 20111215
0.57971772166 11.5 20111216
0.764010850701 11.6 20111219
0.466267705365 11.7 20111220
0.766459160169 11.7 20111221
Total:
135 out of 243
75 out of 128 highs.
60 out of 115 lows.

