Interval days: Stock: Year: 
0.48564690622 69.0 20110103
0.761829365129 68.0 20110104
0.830925159724 69.6 20110105
0.72498509755 70.0 20110106
0.720264327925 69.7 20110107
0.668691183592 69.0 20110110
0.765981234172 69.0 20110111
0.737494274656 69.0 20110112
0.571421115512 70.7 20110113
0.704241472277 69.0 20110114
0.430772271793 70.0 20110117
0.628846298906 70.0 20110118
0.718847505145 70.0 20110119
0.447161093202 69.0 20110120
0.509535812896 69.0 20110121
1.18943401974 68.4 20110124
0.533741237728 68.7 20110126
0.417328137289 68.2 20110127
0.50423305222 67.0 20110128
0.507555487303 66.2 20110131
0.519990380463 66.8 20110201
0.619008305914 66.9 20110202
0.34294581107 65.9 20110203
0.732610942388 66.0 20110204
0.453005118871 64.9 20110207
0.533283651616 64.0 20110208
0.302543623396 64.8 20110209
0.36828839892 63.0 20110210
0.44456860488 64.1 20110211
0.465970442519 64.9 20110214
0.60874797452 65.5 20110215
0.426070441516 65.0 20110216
0.781436024589 66.8 20110217
0.613347878551 66.7 20110218
0.564883230567 66.9 20110221
0.745628215169 66.0 20110222
0.572146570394 65.7 20110223
0.46922809914 66.1 20110224
0.42916248328 67.5 20110225
0.473521845245 66.4 20110228
0.653684286858 66.0 20110301
0.606276355131 65.0 20110302
0.32528583219 66.7 20110303
0.702930017001 67.2 20110304
0.110944183371 66.0 20110309
0.774745687543 66.4 20110310
0.565096900551 65.9 20110311
0.597507911877 65.3 20110314
0.680594287528 64.0 20110315
0.388328992326 66.0 20110316
0.417247067373 66.0 20110317
0.460652218022 66.1 20110318
0.655300999179 66.0 20110321
0.347485432416 65.8 20110322
0.716354439756 66.8 20110323
0.536377564727 67.3 20110324
0.483794274985 66.7 20110325
0.65337257566 67.4 20110328
0.37403114799 66.6 20110329
0.253439512279 66.9 20110330
0.641338498245 67.3 20110331
0.4341204016 68.0 20110401
0.49136872856 68.5 20110404
0.537073017144 68.5 20110405
0.824838873092 69.2 20110406
0.870524386453 68.2 20110407
0.561989066108 68.4 20110408
0.611454176421 67.9 20110411
0.731146594849 66.0 20110412
0.720156005232 66.0 20110413
0.776437966846 65.0 20110414
0.670129083927 66.0 20110415
0.710855040454 65.8 20110418
0.834133690439 64.7 20110419
0.529196677696 66.1 20110420
0.609532887965 66.0 20110425
0.238262155179 66.1 20110426
0.817904371276 66.4 20110427
0.644712447824 65.4 20110428
0.596678430189 64.8 20110429
0.63347472665 65.0 20110502
0.286554710342 64.0 20110503
0.670112724206 63.9 20110504
0.49745390392 62.5 20110505
0.777501296025 63.6 20110506
0.555534785642 63.6 20110509
0.166106681743 63.9 20110510
0.355494887782 63.0 20110511
0.327885897936 62.0 20110512
0.639239458257 63.3 20110513
0.765974556351 62.0 20110516
0.421881301628 62.0 20110517
0.357109665543 62.0 20110518
0.807464459009 62.7 20110519
0.626208080144 61.4 20110520
0.666509012552 60.0 20110523
0.405011157636 61.0 20110524
0.637107346176 62.0 20110525
0.761647120652 62.7 20110526
0.951917027788 63.0 20110527
0.229573861545 63.5 20110530
0.476330880216 63.6 20110531
0.410743364481 63.5 20110601
0.840485283123 62.0 20110602
0.833058330387 63.1 20110603
0.550290419948 63.5 20110606
0.554335540078 62.7 20110607
0.54625573695 62.1 20110608
0.121244360905 62.1 20110609
0.726097551506 62.6 20110610
0.290062381483 61.8 20110613
0.533803935648 61.7 20110614
0.470897918255 60.0 20110615
0.720848863996 60.9 20110616
0.195366369646 60.6 20110617
0.207969514991 59.8 20110620
0.126441082527 60.5 20110621
0.373565246715 60.0 20110622
0.42980906438 60.5 20110624
0.448097258754 60.2 20110627
0.404449470231 60.0 20110628
0.555163454576 61.5 20110629
0.885006613515 61.8 20110630
0.426436489017 61.6 20110701
0.532720063168 62.9 20110704
0.302316471457 62.0 20110705
0.650527144064 62.1 20110706
0.398315088671 62.0 20110707
0.700347034667 61.0 20110708
0.450653663755 60.0 20110711
0.627754728121 59.9 20110712
0.475879957947 59.0 20110713
0.436626366021 59.8 20110714
0.593386214427 59.0 20110715
0.600970127789 58.4 20110718
0.859882509899 58.0 20110719
0.465542274263 58.8 20110720
0.595731314758 58.4 20110721
0.63918197052 59.5 20110722
0.403040947087 59.9 20110725
0.379937779677 59.3 20110726
0.409499097822 58.0 20110727
0.559079842306 57.2 20110728
0.680933451885 57.2 20110729
0.726045420004 58.0 20110801
0.255557964122 57.8 20110802
0.711233454061 56.0 20110803
0.372741984806 54.0 20110804
0.250265198192 52.1 20110805
0.505712737533 49.1 20110808
0.650875462913 49.0 20110809
0.255770354846 50.0 20110810
0.575739724739 51.0 20110811
0.431263257219 52.6 20110812
0.534064353466 53.1 20110815
0.434208602996 53.4 20110816
0.604891524455 53.9 20110817
0.377262465817 52.6 20110818
0.306223598653 51.2 20110819
0.213875555787 52.8 20110822
0.692539252457 51.6 20110823
1.29201481149 53.0 20110824
0.600805343976 52.7 20110825
0.379084761417 52.0 20110826
0.410677546878 53.2 20110829
0.563102032924 53.0 20110830
0.842884932817 55.0 20110831
0.360484018687 56.7 20110901
0.446142958794 56.4 20110902
0.0963678254405 54.0 20110905
0.520563491718 53.4 20110906
0.291013674678 56.0 20110908
0.768536390849 56.0 20110909
0.600631816382 53.4 20110912
0.316555530268 55.3 20110913
0.926851761344 55.1 20110914
0.571846108304 56.0 20110915
0.720742745335 55.8 20110916
0.715668496983 55.0 20110919
0.619468638613 56.0 20110920
0.404608913139 56.0 20110921
0.580144512414 53.0 20110922
0.394323949786 52.4 20110923
0.497220034105 53.0 20110926
0.486486825052 53.9 20110927
0.337935751496 53.0 20110928
0.574308352132 53.0 20110929
0.757602987343 52.2 20110930
0.380889859421 51.1 20111003
0.779494155309 49.3 20111004
0.756824422672 49.0 20111005
-0.0130334578932 51.0 20111006
1.22352825038 52.2 20111007
0.491526182646 51.1 20111010
0.143622607952 52.2 20111011
0.572453252464 53.6 20111013
0.848895593568 54.4 20111014
0.667506857366 53.7 20111017
0.510465510847 53.2 20111018
0.712097509823 54.4 20111019
0.395665174119 53.6 20111020
0.0602791067116 53.0 20111021
0.282271740533 55.0 20111024
0.310641401155 55.0 20111025
0.516644847436 56.0 20111026
0.396413590404 58.4 20111027
0.657340944546 58.0 20111028
0.522698274113 57.9 20111031
0.699320631995 55.6 20111101
0.147267223484 57.8 20111103
0.671750692623 57.2 20111104
0.882953218735 57.8 20111107
0.253698479897 58.6 20111108
0.570725144311 57.1 20111109
0.264453764574 57.2 20111110
0.904037033963 57.4 20111111
0.484075776083 57.5 20111114
0.810611684027 57.0 20111116
0.711558232111 57.4 20111117
0.808803610983 56.4 20111118
0.299154516239 55.0 20111121
0.723517638101 55.0 20111122
0.528910771306 54.4 20111123
0.435498338788 54.7 20111124
0.704157618503 54.3 20111125
0.742697725021 55.0 20111128
0.861886021156 55.4 20111129
0.736681609821 55.0 20111130
0.387337651265 57.0 20111201
0.50034239812 57.8 20111202
0.552793590763 57.5 20111205
0.624904071907 57.8 20111206
0.72727387327 58.3 20111207
0.398108648013 57.9 20111208
0.484069183923 57.0 20111209
0.516366197428 56.9 20111212
0.447309577571 57.0 20111213
0.286792006374 56.8 20111214
0.63164099921 56.4 20111215
0.239798078436 55.8 20111216
0.202156592925 56.0 20111219
0.604363182117 55.1 20111220
0.65183888183 55.6 20111221
Total:
112 out of 243
66 out of 120 highs.
46 out of 123 lows.

