Interval days: Stock: Year: 
0.583752475241 65.0 20110302
0.663154831553 66.7 20110303
0.604726367081 67.2 20110304
0.805649900516 66.0 20110309
0.716000667872 66.4 20110310
0.88973121616 65.9 20110311
0.831767502844 65.3 20110314
0.463730332842 64.0 20110315
0.382076222983 66.0 20110316
0.268819383039 66.0 20110317
0.515046547117 66.1 20110318
0.644395705476 66.0 20110321
0.795486884115 65.8 20110322
0.42242824515 66.8 20110323
0.831890761821 67.3 20110324
0.619665597601 66.7 20110325
0.794294700107 67.4 20110328
0.504254065595 66.6 20110329
0.431035910138 66.9 20110330
0.755425325192 67.3 20110331
0.48181311242 68.0 20110401
0.404344508553 68.5 20110404
0.72125801418 68.5 20110405
0.47388114614 69.2 20110406
0.514796568564 68.2 20110407
0.984337768328 68.4 20110408
0.570479824853 67.9 20110411
0.247133780844 66.0 20110412
0.673438762658 66.0 20110413
0.38826582226 65.0 20110414
0.608614042063 66.0 20110415
0.585022943546 65.8 20110418
0.709240469114 64.7 20110419
0.296208136734 66.1 20110420
0.623444358449 66.0 20110425
0.362193695156 66.1 20110426
0.718940184367 66.4 20110427
0.643876714818 65.4 20110428
0.28915695701 64.8 20110429
0.564950786153 65.0 20110502
0.619709415638 64.0 20110503
0.660307299039 63.9 20110504
0.536454909979 62.5 20110505
0.678455385588 63.6 20110506
0.725247761999 63.6 20110509
0.962852870756 63.9 20110510
0.414208764839 63.0 20110511
0.373748799582 62.0 20110512
0.409478455393 63.3 20110513
0.627240182579 62.0 20110516
0.436916734482 62.0 20110517
-0.0628246124375 62.0 20110518
0.445716732915 62.7 20110519
0.396376368593 61.4 20110520
0.589527337523 60.0 20110523
0.275236299701 61.0 20110524
0.610997060538 62.0 20110525
0.653284489486 62.7 20110526
0.439883217934 63.0 20110527
0.0996289913352 63.5 20110530
0.385279278994 63.6 20110531
0.793746453428 63.5 20110601
0.864650384807 62.0 20110602
0.538420274514 63.1 20110603
0.857095837309 63.5 20110606
0.662019826639 62.7 20110607
1.12803946219 62.1 20110608
0.68898330345 62.1 20110609
0.736518647024 62.6 20110610
0.30919742227 61.8 20110613
0.34186657263 61.7 20110614
0.509956135432 60.0 20110615
0.624709268249 60.9 20110616
0.469236936752 60.6 20110617
0.435990453548 59.8 20110620
0.492239510765 60.5 20110621
0.572964772467 60.0 20110622
0.22647766332 60.5 20110624
0.158475888211 60.2 20110627
0.583102758791 60.0 20110628
0.284890015586 61.5 20110629
0.455595479743 61.8 20110630
0.358215489244 61.6 20110701
0.470701115219 62.9 20110704
0.698351808531 62.0 20110705
0.194302271477 62.1 20110706
0.722267807468 62.0 20110707
0.545078956459 61.0 20110708
0.489454200281 60.0 20110711
0.577428628383 59.9 20110712
0.784021446063 59.0 20110713
0.651149816568 59.8 20110714
0.802287896529 59.0 20110715
0.367344777674 58.4 20110718
0.606663537888 58.0 20110719
0.642722766673 58.8 20110720
0.414412884673 58.4 20110721
0.893667063008 59.5 20110722
0.601108526406 59.9 20110725
0.52826947159 59.3 20110726
0.774068508078 58.0 20110727
0.416629346124 57.2 20110728
0.647667800042 57.2 20110729
0.327378216089 58.0 20110801
0.430161432465 57.8 20110802
0.595781790585 56.0 20110803
0.598242415761 54.0 20110804
0.524476273827 52.1 20110805
0.433716532411 49.1 20110808
0.253403227404 49.0 20110809
0.404546386831 50.0 20110810
0.271874035381 51.0 20110811
0.612619631839 52.6 20110812
0.676799625347 53.1 20110815
0.497205904891 53.4 20110816
0.36515646323 53.9 20110817
0.832223046502 52.6 20110818
0.482361853642 51.2 20110819
0.638244184905 52.8 20110822
0.597481631461 51.6 20110823
0.608114338413 53.0 20110824
0.642327246392 52.7 20110825
0.52987483036 52.0 20110826
0.600953162137 53.2 20110829
0.566205114851 53.0 20110830
0.235564999506 55.0 20110831
0.269008727687 56.7 20110901
0.54520442693 56.4 20110902
0.568854457819 54.0 20110905
0.35075107799 53.4 20110906
0.236660681342 56.0 20110908
0.38264187133 56.0 20110909
0.637807611598 53.4 20110912
0.47136654487 55.3 20110913
0.253695107709 55.1 20110914
0.724829725826 56.0 20110915
0.911032677301 55.8 20110916
0.362822812672 55.0 20110919
0.353859124424 56.0 20110920
0.632688076562 56.0 20110921
0.500978047543 53.0 20110922
0.500325225205 52.4 20110923
0.718286177659 53.0 20110926
0.264835839019 53.9 20110927
0.407488600689 53.0 20110928
0.657084681397 53.0 20110929
0.63998717143 52.2 20110930
0.857351364836 51.1 20111003
0.912114415981 49.3 20111004
0.515448968239 49.0 20111005
0.369529873278 51.0 20111006
0.441404318642 52.2 20111007
0.738872460997 51.1 20111010
0.61270225953 52.2 20111011
0.453771209325 53.6 20111013
0.888082386231 54.4 20111014
0.59751961972 53.7 20111017
0.329616129274 53.2 20111018
0.544360410837 54.4 20111019
0.291913678724 53.6 20111020
0.440116771192 53.0 20111021
0.170005426262 55.0 20111024
0.274690347924 55.0 20111025
0.443722198302 56.0 20111026
0.310450985751 58.4 20111027
0.360194551602 58.0 20111028
0.407405136472 57.9 20111031
0.918248328897 55.6 20111101
0.415438405636 57.8 20111103
0.566306427293 57.2 20111104
0.681522230605 57.8 20111107
0.494325916779 58.6 20111108
0.348314895913 57.1 20111109
0.429813100569 57.2 20111110
0.504418896506 57.4 20111111
0.533103231068 57.5 20111114
0.380240029604 57.0 20111116
0.167112673185 57.4 20111117
0.826360557433 56.4 20111118
0.772774895563 55.0 20111121
0.563409790656 55.0 20111122
0.315270168074 54.4 20111123
0.398004687831 54.7 20111124
0.59206344925 54.3 20111125
0.404808799094 55.0 20111128
0.604860998057 55.4 20111129
Total:
85 out of 186
48 out of 92 highs.
37 out of 94 lows.

