Interval days: Stock: Year: 
0.354605819927 8.2 20110103
0.289778651613 8.2 20110104
0.425991139682 8.0 20110105
0.294296771216 8.0 20110106
0.398195809582 8.3 20110107
0.17631338877 8.4 20110110
0.438723408012 8.4 20110111
0.58696588378 8.4 20110112
0.55804303624 8.0 20110113
0.180646801466 8.8 20110114
0.384148884914 8.8 20110117
0.597114676765 9.0 20110118
0.355440265597 8.7 20110119
0.702467256223 8.6 20110120
0.365256016695 8.4 20110121
0.649264210987 8.3 20110124
0.634206939912 8.3 20110126
0.490515471936 8.0 20110127
0.520569548061 8.0 20110128
0.251947128662 8.2 20110131
0.416514411531 8.0 20110201
0.707095785301 8.2 20110202
0.672499692481 8.1 20110203
0.644621835165 8.1 20110204
0.890952816924 8.0 20110207
0.708913905772 8.0 20110208
-0.00573759761393 7.9 20110209
0.14524262089 7.9 20110210
0.40831860259 7.9 20110211
0.641060995188 7.8 20110214
0.607095984711 7.8 20110215
0.347272077888 7.9 20110216
0.534698922402 8.1 20110217
0.680775290968 8.1 20110218
-0.10883559597 8.2 20110221
0.697027036922 8.2 20110222
0.528573644424 8.2 20110223
0.423223051535 8.1 20110224
0.518073360247 8.1 20110225
0.811583544061 8.0 20110228
0.434099980651 8.3 20110301
0.833459537722 8.3 20110302
0.535299734881 8.4 20110303
0.781586107691 8.5 20110304
0.429454946886 8.7 20110309
0.259864976551 8.7 20110310
0.587748253478 8.7 20110311
0.421208384258 8.8 20110314
0.603604298135 8.7 20110315
0.300124502064 8.8 20110316
0.532308760925 8.6 20110317
0.60856213863 8.7 20110318
0.517168680111 8.7 20110321
0.381099464145 8.0 20110322
0.586161146369 8.7 20110323
0.766483739295 8.9 20110324
0.610519126242 9.0 20110325
0.481820099845 9.0 20110328
0.777086105938 9.0 20110329
0.737746128933 9.2 20110330
0.8311879857 9.3 20110331
0.55899568511 9.3 20110401
0.546539229961 9.7 20110404
0.951731717601 9.6 20110405
0.544684287184 9.8 20110406
0.488464852526 9.7 20110407
0.788685965502 9.0 20110408
0.638380777592 9.6 20110411
0.883619694462 9.3 20110412
0.516577205888 9.3 20110413
0.834730215934 9.4 20110414
0.509014789073 9.3 20110415
0.474444677364 9.2 20110418
0.725763703704 9.4 20110419
0.440463529751 9.6 20110420
0.567101617014 9.3 20110425
0.812899161513 9.4 20110426
0.18648007295 9.4 20110427
-0.0394989888224 9.5 20110428
1.1584733983 9.0 20110429
0.695650947851 9.7 20110502
0.628753184222 9.5 20110503
0.509717901756 9.5 20110504
0.855868875203 9.6 20110505
0.493955090278 9.0 20110506
0.634587312514 9.9 20110509
0.497689942202 10.0 20110510
0.252656974849 9.9 20110511
0.568811954204 9.8 20110512
0.318517195839 10.0 20110513
0.332310864004 9.8 20110516
0.581387233639 9.8 20110517
0.427652852753 9.8 20110518
0.542937625685 9.8 20110519
0.511386987901 9.9 20110520
0.466447356645 9.9 20110523
0.829559626379 9.8 20110524
0.723355584604 9.8 20110525
0.617531914822 9.8 20110526
0.47138917944 9.6 20110527
0.64989472744 9.6 20110530
0.825086153828 9.5 20110531
0.65595519317 9.4 20110601
0.618474730997 9.3 20110602
0.681408772568 9.4 20110603
0.329429012667 9.8 20110606
0.222238240902 9.8 20110607
0.615499327841 9.6 20110608
0.213090830078 9.6 20110609
0.436167331811 9.5 20110610
0.628363170705 9.6 20110613
0.397520422508 9.6 20110614
0.637209818362 9.5 20110615
0.499907251248 9.6 20110616
0.338612597987 9.6 20110617
0.460618869993 9.5 20110620
0.467837029532 9.8 20110621
0.420068926833 9.9 20110622
0.46754990155 9.9 20110624
0.358816265741 10.0 20110627
0.322975919373 10.0 20110628
0.499911531177 10.1 20110629
0.595930369037 10.1 20110630
0.492577416426 10.0 20110701
0.607653027795 10.1 20110704
0.56745549775 10.0 20110705
0.363482892647 10.0 20110706
0.544624772207 10.0 20110707
0.472852778301 9.9 20110708
0.518866522027 9.8 20110711
0.84531169757 9.7 20110712
0.826757893603 9.8 20110713
0.373403436979 9.9 20110714
0.577948482042 9.9 20110715
0.353916086192 10.0 20110718
0.13750609147 9.9 20110719
0.54838607784 9.8 20110720
0.30686341167 9.8 20110721
0.473264912903 9.8 20110722
0.752233279603 9.8 20110725
0.539495954512 9.7 20110726
0.443254494989 9.0 20110727
0.450995940116 9.4 20110728
0.613719644736 9.4 20110729
0.439981145282 9.4 20110801
0.62376295076 9.4 20110802
0.382828580622 9.2 20110803
0.562041654315 8.9 20110804
0.452945410703 9.0 20110805
0.538012564655 9.0 20110808
0.61954853863 8.4 20110809
0.722751292065 8.0 20110810
0.372001567793 8.7 20110811
0.271146169077 8.8 20110812
0.68275091094 8.7 20110815
0.609140721148 8.0 20110816
0.744139548063 8.0 20110817
0.702466290168 8.0 20110818
0.19940582646 8.7 20110819
0.658874595365 8.6 20110822
0.560425541193 8.7 20110823
0.233433278695 8.7 20110824
0.798387146033 8.8 20110825
0.426148691732 8.7 20110826
-0.105087172272 9.0 20110829
0.730510736067 9.0 20110830
0.591615405758 9.2 20110831
0.446139919196 9.5 20110901
0.447487121101 9.3 20110902
0.725383962518 9.0 20110905
0.64533049981 9.0 20110906
0.528374210586 9.3 20110908
0.933578423282 9.0 20110909
0.51608991657 9.0 20110912
1.06295262426 9.0 20110913
0.187619656324 9.0 20110914
0.416124538395 9.1 20110915
0.595903352203 9.0 20110916
0.732506650741 9.0 20110919
0.432295298717 9.2 20110920
0.396477216425 9.3 20110921
0.685957239995 9.1 20110922
0.525632024961 9.0 20110923
0.023265404284 8.9 20110926
0.380822936309 9.0 20110927
0.521391460282 8.8 20110928
0.668027920077 8.0 20110929
1.13430515632 8.7 20110930
0.566455773181 8.7 20111003
0.307084486706 8.5 20111004
0.498506790471 8.4 20111005
0.6307395443 8.4 20111006
0.856131314842 8.3 20111007
0.595265888351 8.2 20111010
0.666273251675 8.3 20111011
0.752654710523 8.3 20111013
0.735577583833 8.2 20111014
0.769191113814 8.3 20111017
0.452095543671 8.2 20111018
0.617968721913 8.5 20111019
0.699311871154 8.0 20111020
0.521173040882 8.7 20111021
0.612492727653 8.7 20111024
0.5507752382 8.6 20111025
0.325035272965 8.5 20111026
0.665896106008 9.1 20111027
0.278153043615 8.8 20111028
0.634514628839 8.8 20111031
0.558998990481 8.9 20111101
0.612238973991 9.2 20111103
0.492785305196 9.0 20111104
0.610310387557 9.3 20111107
0.835804019999 9.3 20111108
0.506030852029 9.0 20111109
0.555778556886 9.2 20111110
0.56033615359 9.3 20111111
0.723386328641 9.4 20111114
0.645068951402 9.3 20111116
0.565495971642 9.5 20111117
0.724929037063 9.4 20111118
0.357240343731 9.4 20111121
0.508879899713 9.4 20111122
0.833809839659 9.4 20111123
0.372172791568 9.4 20111124
0.176228001653 9.2 20111125
0.506175085235 9.4 20111128
0.418993488648 9.5 20111129
0.569427252136 9.5 20111130
0.36641527758 9.9 20111201
0.507999245187 9.8 20111202
0.484982248781 9.4 20111205
0.380128957416 9.6 20111206
0.633636777614 9.8 20111207
0.494409682833 9.8 20111208
0.287421330783 9.9 20111209
0.638011660986 10.0 20111212
0.482098690088 10.2 20111213
0.667674707966 10.0 20111214
0.232404889053 10.4 20111215
0.441043671339 10.6 20111216
0.723436713474 10.4 20111219
0.362560678463 10.4 20111220
0.291003655138 10.7 20111221
Total:
125 out of 243
73 out of 122 highs.
52 out of 121 lows.

