Interval days: Stock: Year: 
0.475367302027 25.4 20110103
0.405580610162 25.4 20110104
0.474944240187 25.5 20110105
0.393141786396 25.9 20110106
0.602765332682 25.3 20110107
0.424749498168 24.6 20110110
0.463862172123 25.0 20110111
0.64180341617 25.4 20110112
0.572942145651 25.9 20110113
0.495101672043 25.2 20110114
0.46296054806 25.3 20110117
0.466943453003 25.2 20110118
0.933234895943 24.7 20110119
0.292427640005 24.4 20110120
0.606858634544 23.9 20110121
0.441577591282 23.9 20110124
0.504604650198 24.0 20110126
0.435203436303 23.8 20110127
0.590889489596 23.0 20110128
0.480290954148 23.3 20110131
0.387560260371 23.0 20110201
0.560568218074 23.2 20110202
0.784380661809 22.9 20110203
0.458009409258 22.6 20110204
0.58189400543 22.2 20110207
0.254726985237 22.2 20110208
0.142021122103 22.8 20110209
0.461725160557 22.4 20110210
0.311596914051 22.4 20110211
0.818368827988 23.0 20110214
0.509894698975 23.2 20110215
0.419428292718 23.8 20110216
0.32538205195 24.3 20110217
1.03091863212 24.4 20110218
0.660170642029 24.4 20110221
0.503067306738 23.9 20110222
0.357151571128 23.6 20110223
0.576415462376 23.7 20110224
0.659733122824 23.5 20110225
0.472237579166 23.4 20110228
0.315380116196 23.0 20110301
0.537826552319 23.1 20110302
0.47602258352 23.4 20110303
0.342655910305 23.7 20110304
0.458047662344 23.7 20110309
0.140924772269 23.0 20110310
0.153964195587 22.5 20110311
0.450847897593 23.0 20110314
0.249405909428 22.6 20110315
0.463267974768 23.6 20110316
0.598288051096 23.2 20110317
0.609994405209 23.0 20110318
0.364058469992 23.5 20110321
0.327788626316 23.3 20110322
0.61591493122 24.0 20110323
0.619500261177 23.8 20110324
0.576656805625 24.0 20110325
0.246970416978 23.8 20110328
0.132359139278 24.0 20110329
0.43608531489 23.8 20110330
0.247765083315 24.4 20110331
0.632213953774 25.3 20110401
0.595341928677 25.3 20110404
0.561181841666 24.9 20110405
0.143089349225 25.0 20110406
0.688756826797 24.9 20110407
0.499274551212 24.0 20110408
0.521286242988 24.0 20110411
0.381247874355 24.0 20110412
0.655431627239 24.3 20110413
0.205379878754 24.1 20110414
0.406571068731 23.9 20110415
0.491369273393 23.8 20110418
0.460980972695 23.9 20110419
0.606306009641 24.4 20110420
0.434620903457 24.5 20110425
0.218248076243 24.5 20110426
0.511772626227 24.7 20110427
0.387314503949 24.0 20110428
0.508097186891 23.7 20110429
0.498366660236 24.2 20110502
0.810327499919 23.0 20110503
0.530353575442 23.1 20110504
0.42117813687 22.8 20110505
0.176385808114 23.4 20110506
0.614296351326 23.6 20110509
0.0887180427319 23.9 20110510
0.594530330162 24.2 20110511
0.281239321727 23.7 20110512
0.688955604647 23.7 20110513
0.576436752965 23.2 20110516
0.537017765591 22.9 20110517
0.614761259709 23.0 20110518
0.630577807483 22.7 20110519
0.504698359262 22.5 20110520
0.703292947435 22.1 20110523
0.343240206317 22.5 20110524
0.469727515525 22.7 20110525
0.422107551766 22.7 20110526
0.32778121375 23.3 20110527
0.115357713114 23.3 20110530
0.533365930961 23.2 20110531
0.371138671462 23.0 20110601
0.0674426785872 23.1 20110602
0.383093443065 23.0 20110603
0.675698898276 23.3 20110606
0.210606124801 22.8 20110607
0.495978399649 22.9 20110608
0.47287034471 22.9 20110609
0.414112636014 22.7 20110610
0.359504008832 22.7 20110613
0.20631654315 22.7 20110614
0.271604092494 22.7 20110615
0.658378543011 22.9 20110616
0.461274606897 23.0 20110617
0.60860670549 22.5 20110620
0.763541073595 22.8 20110621
0.566640351999 22.0 20110622
0.668741670427 22.8 20110624
0.440306507141 22.8 20110627
0.389184873843 22.7 20110628
0.0325965279582 23.5 20110629
0.217072853458 23.7 20110630
0.65321052692 23.6 20110701
0.0918350229288 23.7 20110704
0.527413751191 23.8 20110705
0.311744953678 23.6 20110706
0.581684281481 23.7 20110707
0.373519915344 22.9 20110708
0.553955900782 22.3 20110711
0.612989006067 21.8 20110712
0.581372548375 21.4 20110713
0.424067006727 21.3 20110714
0.457887170024 20.0 20110715
0.852886399551 20.0 20110718
0.322080014008 20.6 20110719
0.668262429694 21.0 20110720
0.203174231687 21.1 20110721
0.367921277181 21.4 20110722
0.580259162005 21.1 20110725
0.309226375563 20.8 20110726
0.398705758092 20.4 20110727
0.541326083785 20.2 20110728
0.535791292331 19.8 20110729
0.321501713696 20.0 20110801
0.158608275868 20.0 20110802
-0.127744705947 19.2 20110803
0.217529477859 18.3 20110804
0.185205127628 18.2 20110805
0.760428757779 17.4 20110808
0.345140515219 17.2 20110809
0.39473727842 17.5 20110810
0.489386352971 17.5 20110811
0.54817928447 17.9 20110812
0.617076674933 18.4 20110815
0.537794295571 18.3 20110816
0.712062286292 18.4 20110817
0.165925473868 18.2 20110818
0.671350828694 17.7 20110819
0.334357963732 17.7 20110822
0.63286647899 17.2 20110823
0.322844523823 17.3 20110824
0.494239941963 17.1 20110825
0.233569319295 17.3 20110826
0.412554092415 18.1 20110829
0.356564945779 18.1 20110830
0.16695725044 18.0 20110831
0.589510449568 19.6 20110901
0.229093262625 19.9 20110902
0.297885482014 19.1 20110905
0.66728196755 18.5 20110906
0.0367019612045 19.0 20110908
0.396691419501 19.2 20110909
0.568203271868 18.5 20110912
0.270249281805 18.7 20110913
0.316475735889 18.5 20110914
0.391710584497 18.8 20110915
0.291770732775 18.9 20110916
0.523060791947 18.7 20110919
0.515270879368 19.0 20110920
0.358776488904 19.1 20110921
0.310147425286 18.1 20110922
0.38129776127 18.3 20110923
0.242976932277 18.2 20110926
0.559662907145 18.8 20110927
-0.00147642763826 19.2 20110928
0.729985247614 19.3 20110929
0.394680151788 19.0 20110930
0.579153907433 18.9 20111003
0.00244259380984 18.6 20111004
0.591205290243 18.5 20111005
0.256964347233 19.1 20111006
0.27675872677 19.5 20111007
0.637150168234 19.2 20111010
0.485502154344 19.7 20111011
0.440299156918 20.4 20111013
0.550108080768 20.5 20111014
0.612772520893 20.3 20111017
0.620819077249 20.4 20111018
0.269044888141 20.6 20111019
0.376702206756 20.9 20111020
0.514964634543 20.9 20111021
0.382729495918 21.2 20111024
0.305346088748 21.4 20111025
0.722467000599 21.3 20111026
0.571416194608 22.4 20111027
0.638968745494 22.0 20111028
0.204513535665 21.6 20111031
0.639748245374 20.6 20111101
0.578847436233 21.5 20111103
0.554511517333 21.1 20111104
0.613746233618 21.5 20111107
0.392451342647 21.6 20111108
0.487560045875 20.9 20111109
0.718957250744 21.0 20111110
0.869643927259 21.0 20111111
0.670488908695 21.0 20111114
0.197448746241 21.0 20111116
0.487322084246 20.8 20111117
0.195628396653 20.4 20111118
0.719207834407 19.6 20111121
0.0388637240469 19.7 20111122
0.656974396762 19.4 20111123
0.398978616281 19.6 20111124
0.472826662878 19.2 20111125
0.681452533025 19.9 20111128
0.555806368727 20.0 20111129
0.693090733447 20.3 20111130
0.525987600788 21.5 20111201
0.372065090089 22.0 20111202
0.595634744102 22.1 20111205
0.823771184523 22.1 20111206
0.476658782141 22.0 20111207
0.2280457325 22.5 20111208
0.463410345574 22.0 20111209
0.566279663989 22.4 20111212
0.300133636139 22.4 20111213
0.511561023421 22.0 20111214
0.270259898954 22.3 20111215
0.475323860666 21.8 20111216
0.594211109696 21.8 20111219
0.467969208762 22.0 20111220
0.602321193418 22.0 20111221
Total:
115 out of 243
42 out of 108 highs.
73 out of 135 lows.

