Interval days: Stock: Year: 
0.429554126022 23.1 20110302
0.58089363515 23.4 20110303
0.432380402571 23.7 20110304
0.369516351782 23.7 20110309
0.448567301381 23.0 20110310
0.545711342866 22.5 20110311
0.304110974561 23.0 20110314
0.408010082583 22.6 20110315
0.57523723097 23.6 20110316
0.381690355433 23.2 20110317
0.416279813199 23.0 20110318
0.530441745214 23.5 20110321
0.472365712922 23.3 20110322
0.209612431602 24.0 20110323
-0.091572185377 23.8 20110324
0.495678925102 24.0 20110325
0.40245615444 23.8 20110328
0.296081065679 24.0 20110329
0.326079238348 23.8 20110330
0.428615115025 24.4 20110331
-0.0392646533456 25.3 20110401
0.354588315523 25.3 20110404
0.363848898095 24.9 20110405
0.354346171689 25.0 20110406
0.719760497187 24.9 20110407
0.410672357741 24.0 20110408
0.476027028218 24.0 20110411
0.253135307027 24.0 20110412
0.246057634253 24.3 20110413
0.408319246482 24.1 20110414
0.752665292071 23.9 20110415
0.723028393929 23.8 20110418
0.600647684581 23.9 20110419
0.359415466107 24.4 20110420
0.654887699474 24.5 20110425
0.180706911509 24.5 20110426
0.111872861396 24.7 20110427
0.499226949757 24.0 20110428
0.293739380702 23.7 20110429
0.65675948375 24.2 20110502
0.678321503961 23.0 20110503
0.470310474869 23.1 20110504
0.782347399151 22.8 20110505
0.497553989987 23.4 20110506
0.352711195186 23.6 20110509
0.443525381861 23.9 20110510
0.626447141872 24.2 20110511
0.298159594359 23.7 20110512
0.161607583014 23.7 20110513
0.182981174564 23.2 20110516
0.445479569047 22.9 20110517
0.736713893406 23.0 20110518
0.144435529275 22.7 20110519
0.253295102691 22.5 20110520
0.408645124736 22.1 20110523
0.289857283266 22.5 20110524
0.721924309763 22.7 20110525
0.265238877373 22.7 20110526
0.613099639397 23.3 20110527
0.527722371727 23.3 20110530
0.612982385179 23.2 20110531
0.719980172401 23.0 20110601
0.335653335625 23.1 20110602
0.563244461024 23.0 20110603
0.54229876589 23.3 20110606
0.370141935572 22.8 20110607
0.44292154758 22.9 20110608
0.502914363413 22.9 20110609
0.385982927571 22.7 20110610
0.520174810565 22.7 20110613
0.510483540253 22.7 20110614
0.419073299217 22.7 20110615
0.300355498872 22.9 20110616
0.763815481762 23.0 20110617
0.516346693619 22.5 20110620
0.636467408547 22.8 20110621
0.535428946379 22.0 20110622
0.0739900387163 22.8 20110624
0.237736302247 22.8 20110627
0.581516285478 22.7 20110628
0.127289605567 23.5 20110629
0.392848808696 23.7 20110630
0.570410821297 23.6 20110701
0.377842896267 23.7 20110704
0.271458414691 23.8 20110705
0.368041407117 23.6 20110706
0.281297784572 23.7 20110707
0.539184762898 22.9 20110708
0.505668779782 22.3 20110711
0.405975188779 21.8 20110712
0.386737474934 21.4 20110713
0.807736485184 21.3 20110714
0.519394064972 20.0 20110715
0.44574715622 20.0 20110718
0.421538789692 20.6 20110719
0.500965746656 21.0 20110720
0.115489520064 21.1 20110721
0.541527905364 21.4 20110722
0.757263513336 21.1 20110725
0.387445691061 20.8 20110726
0.506095866146 20.4 20110727
0.571598072861 20.2 20110728
0.495762332892 19.8 20110729
0.514289659286 20.0 20110801
0.650671250192 20.0 20110802
0.631960814209 19.2 20110803
0.411828496639 18.3 20110804
0.800762368878 18.2 20110805
0.505829867902 17.4 20110808
0.694576597866 17.2 20110809
0.507927665417 17.5 20110810
0.447451796259 17.5 20110811
0.45361571043 17.9 20110812
0.678419085601 18.4 20110815
0.577891275596 18.3 20110816
0.242174788474 18.4 20110817
0.154727267895 18.2 20110818
0.344643066783 17.7 20110819
0.310569822921 17.7 20110822
0.243144365605 17.2 20110823
0.411677775184 17.3 20110824
0.56103281017 17.1 20110825
0.416463160837 17.3 20110826
0.554661368605 18.1 20110829
0.626215898742 18.1 20110830
0.736693830164 18.0 20110831
0.255182518141 19.6 20110901
0.460505156462 19.9 20110902
0.124382699221 19.1 20110905
0.49296986252 18.5 20110906
0.506427249889 19.0 20110908
0.253823321262 19.2 20110909
0.0318816071975 18.5 20110912
0.455753914053 18.7 20110913
0.542720414511 18.5 20110914
0.490420213746 18.8 20110915
0.322586400687 18.9 20110916
0.277080043307 18.7 20110919
0.374957875803 19.0 20110920
0.603143819303 19.1 20110921
0.553165715184 18.1 20110922
0.615555816546 18.3 20110923
0.222181852042 18.2 20110926
0.849394679374 18.8 20110927
0.550706551032 19.2 20110928
0.575193226458 19.3 20110929
0.440886447777 19.0 20110930
0.49468275409 18.9 20111003
0.484383166758 18.6 20111004
0.530645911522 18.5 20111005
0.680750411906 19.1 20111006
0.26744735489 19.5 20111007
0.508163543963 19.2 20111010
0.451425612483 19.7 20111011
0.505809850894 20.4 20111013
0.533024715967 20.5 20111014
0.574381570919 20.3 20111017
0.581403404831 20.4 20111018
0.668360682639 20.6 20111019
0.326742906158 20.9 20111020
0.578740614709 20.9 20111021
0.338239544186 21.2 20111024
0.340435555601 21.4 20111025
0.0581315253265 21.3 20111026
0.432945107989 22.4 20111027
0.259613750396 22.0 20111028
0.397411362708 21.6 20111031
0.104722302174 20.6 20111101
0.417695444735 21.5 20111103
0.528576763539 21.1 20111104
0.702369877847 21.5 20111107
0.653181302778 21.6 20111108
0.481104886781 20.9 20111109
0.388318797465 21.0 20111110
0.804308687786 21.0 20111111
0.681732352965 21.0 20111114
0.274783988625 21.0 20111116
0.455920851841 20.8 20111117
0.436770732784 20.4 20111118
0.34541484491 19.6 20111121
0.455108901877 19.7 20111122
0.823422638334 19.4 20111123
0.537380743577 19.6 20111124
0.947127528042 19.2 20111125
0.345424633466 19.9 20111128
0.820415980458 20.0 20111129
Total:
93 out of 186
33 out of 81 highs.
60 out of 105 lows.

