3.67,3.93,4.08,3.47,3.66,0.0,5984700.0,0.0,20080122
4.01,3.65,4.28,3.55,3.99,0.0,6497500.0,0.0,20080215
3.97,4.03,4.55,3.97,3.99,0.0,5653000.0,0.0,20080307
4.03,3.99,4.29,3.92,4.01,0.0,5744000.0,0.0,20080331
3.86,4.04,4.26,3.84,3.85,0.0,4939000.0,0.0,20080422
3.98,3.88,4.13,3.69,3.99,0.0,8285400.0,0.0,20080514
3.44,3.99,4.03,3.28,3.43,24779.0,9402700.0,956382986.0,20080605
3.13,3.46,3.69,3.13,3.14,22440.0,8367500.0,917991120.0,20080626
2.95,3.15,3.21,2.84,2.95,21475.0,7740200.0,755503806.0,20080718
3.16,2.95,3.22,2.76,3.17,19803.0,6241700.0,597858464.0,20080808
3.11,3.17,3.25,3.02,3.11,17179.0,5765600.0,577983551.0,20080829
3.27,3.1,3.41,2.89,3.29,27283.0,7883100.0,799703736.0,20080919
2.77,3.27,3.34,2.35,2.75,24351.0,8063600.0,777433222.0,20081010
2.82,2.98,3.29,2.54,2.86,35394.0,10031600.0,943363313.0,20081031
3.19,2.84,3.52,2.79,3.23,30461.0,8657100.0,876082074.0,20081124
3.29,3.28,3.41,2.89,3.31,25767.0,6973300.0,698611057.0,20081215
3.1,3.36,3.47,3.04,3.1,20384.0,5877500.0,607293065.0,20090109
2.95,3.1,3.16,2.88,2.97,18444.0,4785200.0,461754329.0,20090130
3.06,2.95,3.21,2.91,3.06,19195.0,4800100.0,476873613.0,20090220
3.16,3.02,3.18,2.8,3.16,23295.0,5498500.0,531748106.0,20090317
3.57,3.16,3.69,3.13,3.59,24330.0,5513900.0,608107504.0,20090407
3.87,3.57,3.94,3.37,3.87,22472.0,5442600.0,628759303.0,20090430
3.98,3.89,4.01,3.75,3.97,22131.0,6013300.0,753224217.0,20090522
3.95,3.94,4.15,3.9,3.95,22320.0,6173600.0,793280825.0,20090615
3.97,3.98,4.08,3.88,4,20158.0,4163100.0,529002193.0,20090706
4.2,4.02,4.29,3.93,4.2,27046.0,6329100.0,827948049.0,20090728
4.28,4.17,4.4,4.13,4.29,22102.0,4600300.0,621209284.0,20090818
4.4,4.27,4.52,4.26,4.38,17737.0,3481300.0,483773035.0,20090909
4.65,4.36,4.73,4.34,4.6,20172.0,4045900.0,578090703.0,20090930
5.25,4.66,5.3,4.59,5.27,24158.0,4370100.0,689357861.0,20091022
5.37,5.28,5.72,4.94,5.31,29185.0,6451500.0,1059773585.0,20091113
5.52,5.41,5.57,5.26,5.52,25290.0,5803200.0,977315046.0,20091207
5.62,5.5,5.68,5.18,5.67,14990.0,3742500.0,632203677.0,20091230
5.77,5.67,6.06,5.62,5.77,17694.0,3701500.0,664837789.0,20100122
5.73,5.75,5.82,5.34,5.8,19390.0,4255300.0,736097787.0,20100217
5.56,5.77,5.83,5.5,5.55,17396.0,3915500.0,682919842.0,20100310
5.34,5.54,5.58,5.31,5.34,17331.0,3251300.0,543224873.0,20100331
5.69,5.42,5.72,5.28,5.72,24316.0,5043900.0,847137535.0,20100423
5.74,5.69,5.83,5.43,5.74,23469.0,6397300.0,1103338952.0,20100514
5.75,5.73,5.83,5.48,5.79,27269.0,7265300.0,1264399368.0,20100607
6.19,5.79,6.22,5.77,6.19,17765.0,4817800.0,882784870.0,20100628
6.11,6.12,6.17,5.75,6.13,22501.0,5661700.0,1036074449.0,20100720
5.98,6.17,6.34,5.88,5.97,21806.0,4926200.0,923102535.0,20100810
6.32,5.97,6.39,5.86,6.28,20250.0,4579700.0,857766665.0,20100831
6.7,6.3,6.81,6.25,6.69,20102.0,4009800.0,797669616.0,20100922
7.65,6.64,7.65,6.55,7.65,22107.0,4625600.0,982354615.0,20101014
7.9,7.66,8.01,7.5,7.92,31097.0,6021100.0,1399005402.0,20101105
7.79,7.86,8.14,7.63,7.79,20049.0,3819000.0,905088781.0,20101129
8.23,7.82,8.4,7.59,8.26,19518.0,4163000.0,862717647.0,20101220
8.18,8.28,8.75,8.13,8.16,53635.0,20654800.0,1036695832.0,20110112
7.43,8.2,8.21,7.37,7.49,77115.0,28262900.0,1296039008.0,20110203
7.29,7.42,7.86,7.11,7.3,61872.0,21716400.0,959058569.0,20110224
7.63,7.39,7.99,7.27,7.63,64343.0,23375700.0,1050475765.0,20110321
7.88,7.65,8.04,7.49,7.88,50386.0,17308900.0,784793948.0,20110411
8.45,7.79,8.75,7.67,8.48,61941.0,24983200.0,1212770462.0,20110504
8.43,8.4,9.02,8.32,8.39,53713.0,20330000.0,1023232936.0,20110525
8.41,8.4,8.67,8.18,8.42,48836.0,16825400.0,829715258.0,20110615
8.88,8.38,9.12,8.29,8.91,49832.0,16732100.0,852492414.0,20110707
8.09,8.88,8.92,7.92,8.11,62027.0,23147500.0,1122320914.0,20110728
8.9,8.07,8.99,7.6,8.91,100778.0,34423400.0,1637843561.0,20110818
9.28,8.86,9.89,8.73,9.28,91243.0,28890700.0,1556468803.0,20110909
9.78,9.25,10.06,9.09,9.76,86799.0,24842200.0,1386575145.0,20110930
10.23,9.75,10.42,9.59,10.23,89467.0,24019500.0,1369806759.0,20111024
10.25,10.19,10.39,9.9,10.23,77566.0,23569300.0,1361115851.0,20111116
11.19,10.25,11.2,9.95,11.17,66004.0,17343500.0,1043200000.0,20111207
11.66,11.13,11.88,10.92,11.63,70560.0,18864800.0,1239205360.0,20111228
11.47,11.66,11.92,10.99,11.47,68188.0,21245300.0,1375453311.0,20120119
11.2,11.49,11.54,10.88,11.2,74049.0,19636300.0,1265216451.0,20120210
12.11,11.23,12.32,11.19,12.14,80436.0,20405600.0,1368459574.0,20120306
14.03,12.27,14.4,12.21,14.02,80368.0,19444400.0,1460577510.0,20120327
14.37,14.03,14.37,12.97,14.31,86347.0,21576000.0,1657252795.0,20120418
13.7,14.35,14.85,13.66,13.76,82658.0,21255400.0,1709213114.0,20120510
13.66,13.74,13.93,13.18,13.66,96147.0,24568500.0,1882426829.0,20120531
13.43,13.47,14.13,12.76,13.42,129542.0,31614000.0,2378069557.0,20120622
13.3,13.25,14.09,13.25,13.26,82618.0,16894500.0,1289274813.0,20120716
14.1,13.31,14.46,13.08,14.15,96027.0,18681100.0,1443244452.0,20120806
13.55,14.23,14.32,13.19,13.55,77514.0,17685700.0,1354355900.0,20120827
13.64,13.48,13.98,13.28,13.63,91339.0,22637700.0,1727001137.0,20120918
14.59,13.61,15.09,13.52,14.61,89743.0,21568000.0,1701967414.0,20121009
14.88,14.62,15.37,14.57,14.88,66022.0,20933600.0,1741853315.0,20121031
15.31,15.09,15.49,14.45,15.3,73782.0,16765700.0,1394593675.0,20121127
16.06,15.28,16.18,15.24,16.04,101409.0,26777900.0,2354553671.0,20121218
15.95,16.06,16.1,15.21,15.93,74467.0,17526500.0,1520184630.0,20130114
16.91,15.95,17.15,15.81,16.9,75245.0,19777100.0,1817760322.0,20130205
15.92,16.94,17.03,15.51,15.92,85168.0,22740100.0,2042244953.0,20130228
15.5,15.92,16.62,15.31,15.52,94735.0,22187500.0,1927227244.0,20130321
14.57,15.49,15.64,14.53,14.57,87227.0,25245100.0,2095213238.0,20130412
15.11,14.52,15.27,13.93,15.11,115063.0,31130800.0,2491794188.0,20130506
15.42,15.05,16.11,14.96,15.45,98839.0,24080200.0,2063991803.0,20130527
14.21,15.49,15.73,13.84,14.28,120680.0,36643900.0,2929824993.0,20130618
15.05,14.19,15.38,13.71,15.08,118369.0,28194100.0,2254521980.0,20130710
15.54,15.23,15.69,14.51,15.64,81397.0,19485900.0,1607788506.0,20130731
15.01,15.68,16.16,14.87,15.01,131887.0,30058900.0,2581525353.0,20130821
15.47,15.08,15.47,14.54,15.45,148800.0,35064800.0,2883213090.0,20130911
15.58,15.47,16.15,15.25,15.6,98609.0,22492200.0,1928190074.0,20131002
15.57,15.61,16.03,15.21,15.52,91112.0,21286100.0,1808152612.0,20131023
16.07,15.58,16.3,14.99,16.02,178082.0,56191600.0,3026173828.0,20131113
15.76,16.15,16.68,15.51,15.73,255412.0,148026700.0,2549318513.0,20131206
16.23,15.77,16.39,15.2,16.3,237112.0,101012000.0,1701901037.0,20140102
15.84,16.31,16.46,15.48,15.82,270252.0,153698600.0,2618030927.0,20140123
15.53,15.89,15.92,14.41,15.54,329573.0,152511600.0,2442427049.0,20140213
15.85,15.55,16.19,15.12,15.87,291068.0,127309600.0,2119871402.0,20140310
16.1,15.86,16.31,15.45,16.1,374106.0,148083700.0,2478590226.0,20140331
16.89,16.08,17.1,15.92,16.91,366373.0,158057800.0,2710780621.0,20140423
15.79,16.95,16.96,15.27,15.79,425409.0,209923200.0,3469432766.0,20140515
15.35,15.84,16.02,15.19,15.32,295199.0,130440400.0,2124514598.0,20140605
15.02,15.62,15.8,14.79,15,297448.0,154248100.0,2453934998.0,20140630
15.94,15.12,16.17,14.85,15.94,323309.0,175361700.0,2808967013.0,20140722
15.26,15.8,16.09,14.51,15.26,331031.0,165038600.0,2616085821.0,20140812
15.43,15.28,16.22,14.91,15.44,352717.0,182440000.0,2952658865.0,20140902
15.87,15.42,15.97,14.91,15.78,423114.0,185182700.0,2977449127.0,20140923
15.48,15.85,16.36,14.78,15.49,414943.0,204165600.0,3299503211.0,20141014
15.97,15.34,16.15,14.45,15.93,482419.0,288665700.0,4517782785.0,20141104
16.35,15.83,17.1,15.37,16.3,342519.0,184440500.0,3029102215.0,20141126
15.4,16.24,16.61,14.71,15.42,384682.0,192611700.0,3048912317.0,20141217
16.57,15.56,16.85,15.32,16.54,300234.0,172529700.0,2808619094.0,20150113
17.39,16.39,17.71,16.39,17.43,305326.0,155304800.0,2661853167.0,20150203
18.33,17.36,18.44,17.02,18.24,283678.0,148875000.0,2684797568.0,20150226
18.42,18.15,18.72,17.28,18.43,319189.0,169860400.0,3095035758.0,20150319
18.59,18.58,18.82,18.49,18.58,27387.0,16627500.0,311097268.0,20150320
