37.75,35.11,40.49,33.9,37.83,1699.0,4301700.0,162297170.0,20081222
39.49,38.06,42.47,36.43,39.18,1195.0,2255100.0,90084763.0,20090116
43.2,39.71,43.2,36.8,42.55,1007.0,2170500.0,85805525.0,20090206
36.77,42.71,43.29,35.73,36.55,922.0,1275600.0,49961636.0,20090303
41.6,37.85,42.6,36.4,41.53,1147.0,2593300.0,102760820.0,20090324
45.5,41.87,46.34,40.0,44.93,1159.0,5954900.0,258805348.0,20090415
51.36,45.7,52.8,44.07,50.85,1492.0,6370000.0,300787556.0,20090508
53.1,50.17,54.0,48.1,52.74,1706.0,5361500.0,270475653.0,20090529
49.4,53.52,54.85,49.2,49.25,3323.0,6375100.0,331340930.0,20090622
48.7,49.7,52.2,48.03,48.55,2718.0,5986500.0,299899115.0,20090714
56,50,56.3,46.26,55.65,2726.0,4200600.0,222593725.0,20090804
57.3,56.02,58.25,54.55,57.11,3425.0,4875600.0,274543409.0,20090825
60.03,57,60.08,54.92,59.94,3224.0,5331400.0,305421905.0,20090916
62.4,59.7,62.85,59.2,62.34,5014.0,6427400.0,388440018.0,20091007
63.5,62.85,67.27,59.7,63.22,3584.0,4664200.0,299743979.0,20091029
66.35,63.9,67.58,60.27,66,3815.0,3613700.0,233455023.0,20091123
69,66.65,69.99,64.05,67.6,2583.0,3441400.0,232424067.0,20091214
69.48,68.38,70.32,65.61,69.75,3554.0,2515800.0,171075378.0,20100108
66.05,70.24,70.46,63.9,66.1,4372.0,4884000.0,325557844.0,20100201
65.6,66.95,67.6,60.76,65.22,7407.0,4956400.0,321979326.0,20100224
69.3,64.7,70.05,64.0,68.92,5967.0,3823200.0,259955832.0,20100317
71.3,69.24,71.3,67.3,71.18,7341.0,3768300.0,261088248.0,20100408
66.92,71.3,71.3,65.41,67,8841.0,6013700.0,410597660.0,20100430
60.2,66.92,67.27,57.0,59.81,10213.0,5746700.0,358854188.0,20100521
62.87,60.1,63.75,57.23,63,8922.0,5188900.0,317575539.0,20100614
60.39,63.31,65.17,59.49,60.51,6132.0,4226700.0,265717167.0,20100705
66.13,61.11,66.47,60.76,66.16,6358.0,4896200.0,310816071.0,20100727
67.15,66.13,68.85,64.09,66.73,11010.0,5463070.0,363329083.8,20100817
65.8,67.21,67.21,63.29,65.43,8673.0,4810100.0,313532117.8,20100908
68.8,65.96,68.89,65.63,68.61,15678.0,6391900.0,431638484.4,20100929
69.1,68.8,71.35,68.22,68.9,11183.0,5934730.0,414505209.0,20101021
69.64,69.69,72.4,68.22,69.63,11523.0,5034230.0,353988007.4,20101112
68.6,69.2,70.4,66.4,68.66,18782.0,6878510.0,472467351.4,20101206
67.38,69.5,69.82,66.2,67.34,17523.0,6347760.0,428260220.8,20101228
69.3,68.27,71.1,67.54,69.28,10846.0,4950330.0,345297100.6,20110119
63.85,69.01,69.23,63.24,63.95,14706.0,7269210.0,481961914.1,20110210
67.45,64.11,67.59,63.85,67.28,25323.0,9473590.0,627449513.9,20110303
66.39,67.24,67.47,64.11,66.5,17623.0,8686700.0,574534380.2,20110328
64.75,66.62,69.27,64.0,64.45,18201.0,7929300.0,533504844.4,20110418
62.95,64.75,66.49,62.18,62.81,18602.0,8455400.0,548246365.4,20110511
62.65,62.5,64.0,60.88,62.58,13828.0,5571960.0,349750786.5,20110601
60.32,62.9,64.15,59.77,60.57,18164.0,5994280.0,368332795.8,20110622
58.9,60.55,63.0,58.78,58.86,15106.0,5667930.0,344770144.5,20110714
52.05,59.3,59.99,51.93,52.17,26664.0,9773470.0,559865691.4,20110804
52.15,52.15,54.3,47.11,52.15,51150.0,18225800.0,932703554.3,20110825
56.45,52.02,57.84,51.37,56.4,51850.0,15592540.0,863388028.8,20110916
50.41,55.3,56.9,48.75,50.6,53055.0,20064250.0,1053779590.3,20111007
57.57,51.12,59.09,51.04,57.92,50250.0,16632400.0,916123638.3,20111031
54.31,55.68,58.8,54.11,54.29,63353.0,19397410.0,1095624952.4,20111123
55.75,54.73,58.73,53.81,56.05,57996.0,15605140.0,884507212.2,20111214
57.61,56.44,58.62,54.5,57.6,44159.0,12455120.0,699970010.1,20120105
62.03,57.83,62.82,57.48,61.97,41453.0,16291960.0,983628069.0,20120127
65.12,61.4,65.71,61.05,65.12,58972.0,25060170.0,1604613001.9,20120217
67.3,65.12,67.38,63.91,67.35,43851.0,23161040.0,1514192507.4,20120313
63.42,67.6,67.93,62.9,63.41,37120.0,26317440.0,1708936854.6,20120403
60.94,62.62,63.35,60.01,60.78,53099.0,32416020.0,1995548324.2,20120425
53.35,60.3,62.9,53.24,53.4,82767.0,42230860.0,2463476305.9,20120517
53.65,53.95,55.78,51.72,53.48,78058.0,44097780.0,2354252549.9,20120608
53.42,54.46,56.86,51.45,53.33,54322.0,39294770.0,2147369346.0,20120629
52.24,53.39,56.0,51.31,52.24,42192.0,19729640.0,1057342191.1,20120723
58.06,52.11,58.61,51.43,58.1,53206.0,27627890.0,1533990134.5,20120813
56.23,57.98,59.23,55.55,56.3,59667.0,24923110.0,1431391152.9,20120903
59.4,56.18,62.32,55.17,59.36,74311.0,25111260.0,1492791703.9,20120925
59.4,59.11,59.9,57.0,58.91,51024.0,22975900.0,1341241401.8,20121017
56.32,58.99,58.99,55.5,56.42,53238.0,24406140.0,1392783728.6,20121109
56.45,56.32,57.42,54.08,56.53,46781.0,24095490.0,1345543849.2,20121204
59.55,56.91,60.3,56.03,59.47,50054.0,29599510.0,1731793226.2,20121227
60.75,59.55,62.21,59.29,60.75,49693.0,21081710.0,1279585058.8,20130121
56.98,60.7,61.11,56.59,56.91,46059.0,21417260.0,1254502060.3,20130214
57.58,56.67,58.25,54.32,57.63,68086.0,27605040.0,1543627797.4,20130307
55.1,57.41,57.85,53.6,55.19,50414.0,24071480.0,1337434061.7,20130328
52.73,54.9,55.89,51.35,52.84,63447.0,28349260.0,1514352272.6,20130419
53.3,52.72,55.65,52.32,53.53,87204.0,26627700.0,1440171941.0,20130513
52.86,53.35,55.94,51.87,52.92,56642.0,21031970.0,1134395915.6,20130604
46,52.53,53.16,44.53,46.17,97161.0,48148080.0,2306535208.9,20130625
46.57,46.3,47.14,43.23,46.44,68082.0,32909900.0,1494105083.3,20130717
46.58,46.44,48.69,46.0,46.7,58598.0,29598630.0,1406153768.3,20130807
49.19,46.99,51.49,46.68,49,92682.0,35683760.0,1768877656.7,20130828
54.66,49.31,54.66,48.62,54.48,91274.0,30895540.0,1582995549.0,20130918
51.49,54.63,54.74,50.75,51.55,44405.0,16437340.0,859295811.7,20131009
52.94,51.96,55.5,51.41,52.6,57045.0,22557510.0,1210743759.7,20131030
51.67,52.74,53.32,50.13,52.2,37072.0,19335020.0,1005694562.7,20131122
48.75,51.79,51.9,48.7,48.98,41932.0,17175190.0,861473556.9,20131213
48.14,49.01,50.78,48.1,48.17,33556.0,20250170.0,1003392632.2,20140109
46.07,48.14,49.29,45.96,46.15,54172.0,20003470.0,949263320.4,20140130
46.14,45.7,47.74,45.01,46.31,71936.0,27426910.0,1269825084.0,20140220
44,46.3,46.81,43.77,44.03,102539.0,22124160.0,998446536.3,20140317
50.85,44.1,51.0,43.96,50.79,75215.0,27694910.0,1324540010.8,20140407
50.29,51.54,52.09,48.68,50.21,75563.0,41474070.0,2083351266.8,20140430
51.54,50.29,53.09,50.28,51.48,70262.0,24489020.0,1274362562.9,20140522
53.44,51.5,53.99,49.98,53.37,95549.0,23262170.0,1195517566.6,20140613
52.33,53.43,53.77,51.28,52.4,56418.0,19061840.0,1002886670.2,20140707
55.66,52.33,56.92,52.01,55.67,65598.0,22421670.0,1230952702.9,20140729
56.87,55.85,56.96,53.67,56.81,104144.0,20802240.0,1141838520.8,20140819
57.15,56.87,60.68,56.58,57.01,98235.0,17789790.0,1047036783.5,20140909
52.64,56.84,58.61,52.09,52.8,87104.0,28942670.0,1601674878.2,20140930
51.03,51.92,57.74,50.06,51.1,110629.0,45759420.0,2471848690.0,20141021
50.94,50.99,52.98,46.71,50.87,119233.0,41104370.0,2086388630.8,20141111
50.72,50.87,55.75,49.1,50.92,85681.0,36028740.0,1887370990.4,20141203
48.63,51.2,51.2,44.13,48.79,84734.0,25369620.0,1203872165.9,20141226
46.52,48.52,49.55,45.99,46.83,109047.0,32256630.0,1529506426.7,20150120
47.16,47,48.99,45.22,47.69,155297.0,34186480.0,1606681622.9,20150210
48.95,47.28,51.07,46.54,49,192803.0,30992090.0,1527799059.1,20150305
49.11,48.91,50.86,46.38,49.3,99869.0,47203540.0,2307108964.7,20150326
52.45,49.05,53.39,48.42,52.4,72338.0,37160650.0,1918958101.5,20150417
55.18,52.46,56.9,52.02,0,81269.0,29473080.0,1598152501.7,20150512
52.62,55.1,56.09,51.14,52.62,75089.0,21289310.0,1113797399.9,20150602
52.25,52.63,52.85,51.06,52.28,81118.0,33863770.0,1757709416.8,20150624
51.52,52.31,52.56,49.67,51.69,68510.0,27085410.0,1389881893.7,20150716
47.78,51.55,51.81,47.2,47.55,27120.0,10237760.0,505710016.9,20150724
