9.67,9.17,10.26,8.92,9.67,214468.0,427369500.0,7404253717.0,20090720
9.52,9.73,10.18,9.14,9.52,88511.0,111538900.0,1953288924.0,20090810
9.02,9.5,9.57,8.71,8.97,67219.0,85029800.0,1433790697.0,20090831
9.88,9,10.29,8.66,9.86,103747.0,81879500.0,1372620591.0,20090922
9.56,9.9,10.0,9.27,9.57,60286.0,59846900.0,1048928924.0,20091014
9.25,9.58,10.11,8.38,9.29,77091.0,76449500.0,1310787450.0,20091105
8.87,9.28,9.37,8.34,8.88,64875.0,78329800.0,1273256616.0,20091127
7.92,8.88,9.3,7.32,7.93,139695.0,164331300.0,2450938088.0,20091218
8.32,8.01,8.97,8.0,8.3,55628.0,57007600.0,876882090.0,20100114
7.98,8.32,8.57,7.64,7.94,56505.0,52214300.0,781271323.0,20100205
8.05,8.03,8.08,7.51,8.05,58862.0,56200900.0,793417452.0,20100302
9.47,8.08,9.72,7.88,9.52,69042.0,63040500.0,973735647.0,20100323
9.22,9.45,9.79,8.79,9.19,69732.0,61542800.0,1011666747.0,20100414
9.32,9.19,9.79,9.03,9.44,74540.0,66868400.0,1120525026.0,20100506
8.77,9.47,10.29,8.19,8.77,92504.0,87327500.0,1417950062.0,20100527
9.5,8.63,9.84,8.47,9.48,59925.0,37030900.0,603492567.0,20100618
8.99,9.62,9.75,8.19,9.04,63607.0,39915500.0,628223401.0,20100712
8.92,9.11,9.48,8.58,8.93,77854.0,56580600.0,892324173.0,20100802
8.74,8.97,9.28,8.67,8.74,59223.0,47104000.0,742434957.0,20100823
8.8,8.69,8.84,8.3,8.77,58188.0,45471600.0,689877151.0,20100914
8.97,8.77,9.08,8.53,8.96,102090.0,71869300.0,1068030619.0,20101005
8.71,9.01,9.14,8.24,8.72,96123.0,68759000.0,1012634255.0,20101027
8.77,8.6,8.92,8.37,8.81,75077.0,51629000.0,754154142.0,20101119
8.27,8.73,9.15,8.18,8.26,84303.0,50187200.0,735777778.0,20101210
7.85,8.32,8.36,7.67,7.85,57623.0,36875000.0,498703967.0,20110104
7.62,7.8,7.86,7.26,7.6,55694.0,56639700.0,730121810.0,20110126
7.11,7.63,7.67,6.51,7.09,83819.0,72673400.0,852256022.0,20110216
8.35,7.11,8.49,7.09,8.31,86848.0,60090600.0,799127297.0,20110311
8.83,8.71,9.0,8.15,8.82,63452.0,42869100.0,590998063.0,20110401
8.55,8.86,9.08,8.18,8.54,68618.0,45194600.0,628788719.0,20110426
9.7,8.55,10.24,8.49,9.73,101923.0,76753600.0,1023940964.0,20110517
9.67,9.68,9.99,9.22,9.74,76211.0,35076700.0,636577407.0,20110607
9.48,9.7,9.92,9.23,9.47,46386.0,17830700.0,690918401.0,20110629
10.01,9.52,10.11,9.43,9.96,51682.0,15502000.0,615454314.0,20110720
10.02,10.06,10.98,9.78,10.02,91905.0,31956400.0,1338758726.0,20110810
10.17,10.03,10.24,9.42,10.17,90629.0,28765000.0,1141915022.0,20110831
10.96,10.26,11.34,10.14,10.92,88948.0,28700800.0,1231731981.0,20110922
11.22,10.87,11.64,10.29,11.21,93675.0,25918800.0,1113626624.0,20111014
11.89,11.09,12.12,10.92,11.88,68050.0,18144900.0,829058135.0,20111107
11.87,11.92,12.65,11.37,11.89,71700.0,20457300.0,962523137.0,20111129
12.03,12.1,12.51,11.53,12.04,98147.0,27466500.0,1298512538.0,20111220
12.37,12.03,12.44,11.8,12.34,77748.0,18237600.0,875650611.0,20120111
13.66,12.35,13.8,12.25,13.67,94845.0,26116100.0,1346172258.0,20120202
15.15,13.62,15.27,13.48,15.13,119461.0,40426100.0,2304927062.0,20120227
15.42,15.15,16.3,15.06,15.41,75747.0,22635600.0,1396781761.0,20120319
16.65,15.39,17.14,15.17,16.62,50232.0,16075500.0,993622856.0,20120410
18.09,16.65,18.45,14.83,18.09,89267.0,31854100.0,1854409352.0,20120502
16.23,18.1,18.72,15.76,16.18,109550.0,29561600.0,1669433908.0,20120523
17.35,15.88,18.12,15.66,17.35,106542.0,28561400.0,1554622265.0,20120614
18.56,17.46,18.8,16.06,18.67,92048.0,27140200.0,1555026252.0,20120705
19.28,18.5,19.87,18.17,19.28,91277.0,22835500.0,1399715680.0,20120727
18.62,19.22,19.79,18.29,18.59,93884.0,22268600.0,1356205933.0,20120817
18.61,18.53,19.18,17.67,18.66,85889.0,22215800.0,1328237216.0,20120910
15.92,18.42,19.65,15.62,15.99,151342.0,49445000.0,2754015990.0,20121001
14.19,16.17,16.94,14.19,14.2,133338.0,51688400.0,2581748105.0,20121023
17.4,14.39,17.53,14.17,17.49,112992.0,39942800.0,2014332627.0,20121116
17.46,17.32,18.43,17.02,17.48,83915.0,26396300.0,1455784499.0,20121210
18.71,17.47,18.78,17.1,18.73,83936.0,27432400.0,1532806194.0,20130104
17.39,18.55,18.91,17.12,17.42,93623.0,32640100.0,1819873258.0,20130128
18.04,17.52,18.5,17.2,18.09,115585.0,33013100.0,1856828595.0,20130220
18.42,18.19,19.39,17.89,18.38,122750.0,38874200.0,2290849130.0,20130313
19.24,18.13,19.6,17.95,19.22,87269.0,30469600.0,1758614550.0,20130404
20.56,19.35,21.2,19.19,20.55,94388.0,29622200.0,1858086591.0,20130425
20.54,20.48,22.23,19.84,20.53,115984.0,39600700.0,2149670974.0,20130517
20.73,20.42,22.05,20.2,20.71,108787.0,33398200.0,1804396367.0,20130610
22.01,20.73,22.16,19.75,22.01,117747.0,28568500.0,1519651696.0,20130701
21.61,21.97,22.24,21.22,21.51,78346.0,23194100.0,1291177744.0,20130723
22,21.63,22.21,21.27,22,81304.0,19180400.0,1067708528.0,20130813
22.52,21.98,23.3,21.57,22.54,116243.0,34814600.0,1996216561.0,20130903
22.77,22.51,23.61,21.38,22.76,102638.0,29300300.0,1685398010.0,20130924
26.17,22.74,26.27,22.35,26.17,102362.0,28096500.0,1750804573.0,20131015
26.51,26.22,27.45,25.66,26.51,86294.0,26139100.0,1737237575.0,20131105
26.78,26.51,27.29,25.72,26.77,88123.0,21245600.0,1411147104.0,20131128
26.14,26.87,27.06,25.23,26.16,87305.0,23415900.0,1536434347.0,20131219
26.51,26.14,27.37,25.87,26.51,80042.0,27839400.0,1866231366.0,20140115
24.83,26.51,26.69,24.66,24.89,93684.0,25228000.0,1619939120.0,20140205
25.5,24.93,26.48,24.71,25.51,100602.0,22098100.0,1434254246.0,20140226
28.48,25.69,28.83,25.15,28.47,100619.0,24644100.0,1651559494.0,20140321
29.85,28.47,30.46,28.29,29.83,131518.0,45356300.0,2024162917.0,20140411
31.58,30.05,33.23,29.04,31.55,160255.0,52383300.0,2017948666.0,20140507
32.91,31.61,33.14,30.66,32.86,123586.0,31676600.0,1241026450.0,20140528
36.44,32.91,36.79,32.19,36.47,136466.0,39065700.0,1674747798.0,20140620
37.43,36.31,38.16,35.45,37.4,135163.0,40048300.0,1826485292.0,20140714
34.77,37.4,37.43,33.06,34.64,182527.0,55879500.0,2425458134.0,20140804
34.76,34.72,35.66,32.81,34.73,178514.0,49011300.0,2062438012.0,20140825
33.34,34.75,35.13,32.23,33.36,178417.0,53789300.0,2224522865.0,20140915
33.16,33.51,34.36,30.63,33.24,223492.0,65461200.0,2575747900.0,20141006
31.24,33.79,34.43,28.86,30.93,250172.0,90805200.0,3480898954.0,20141027
33.02,31.4,33.79,30.81,33.03,158683.0,52951000.0,2063235052.0,20141117
34.11,33.1,36.73,33.06,34.11,194545.0,80920600.0,3451975732.0,20141209
31.56,34.11,35.01,31.45,31.55,163864.0,46124300.0,1859649375.0,20150105
31.16,31.76,32.9,30.13,31.03,185570.0,56581700.0,2177013666.0,20150126
35.57,31.09,36.26,30.49,35.54,258629.0,64566900.0,2651093035.0,20150218
37.16,35.97,37.16,35.19,37,181033.0,50340600.0,2206174820.0,20150311
38.75,37.41,39.5,35.84,38.81,104644.0,33621300.0,1531642944.0,20150320
