5.36,5.75,6.1,5.07,5.35,0.0,27658200.0,0.0,20080122
5.48,5.28,5.59,4.81,5.49,0.0,38346500.0,0.0,20080215
5.5,5.54,6.05,5.24,5.51,0.0,28244900.0,0.0,20080307
5.58,5.51,5.58,5.09,5.57,0.0,26066400.0,0.0,20080331
6.01,5.63,6.13,5.52,6.01,0.0,24051700.0,0.0,20080422
6.58,6.03,6.93,5.97,6.57,0.0,22378400.0,0.0,20080514
7.47,6.57,7.57,6.55,7.49,34428.0,28321600.0,925108230.0,20080605
7.22,7.52,7.55,6.99,7.34,25579.0,23007900.0,890228667.0,20080626
7.7,7.33,7.97,6.8,7.77,31881.0,21793700.0,855110245.0,20080718
6.81,7.76,7.84,6.62,6.86,48421.0,30715600.0,1174215696.0,20080808
6.65,6.82,7.03,6.35,6.63,35251.0,22664200.0,806897963.0,20080829
6.49,6.52,6.7,5.42,6.5,52101.0,31159200.0,997480756.0,20080919
5.54,6.5,7.4,5.23,5.65,55210.0,30475700.0,1060738072.0,20081010
6.22,6.05,6.63,5.44,6.2,64825.0,28459100.0,922103450.0,20081031
7.04,6.28,7.28,5.89,7.04,52371.0,22840500.0,801749902.0,20081124
6.2,6.98,7.31,6.06,6.2,53609.0,31659700.0,1125883281.0,20081215
6.13,6.27,6.42,5.7,6.14,56002.0,23960300.0,764198290.0,20090109
5.93,6.1,6.4,5.81,5.93,40291.0,17269400.0,557287128.0,20090130
6.05,5.88,6.34,5.79,6.1,52351.0,18509200.0,589860829.0,20090220
6.1,5.95,6.29,5.82,6.1,49050.0,16774600.0,539510343.0,20090317
6.54,6.05,6.99,6.03,6.55,51202.0,20806200.0,715126032.0,20090407
6.62,6.58,6.86,6.13,6.63,65314.0,29679500.0,989099471.0,20090430
6.4,6.71,6.78,6.22,6.4,68233.0,39001800.0,1024186770.0,20090522
6.96,6.44,7.2,6.36,6.97,73040.0,34687000.0,933076157.0,20090615
6.54,7.02,7.1,6.45,6.54,60759.0,24082300.0,642358445.0,20090706
6.58,6.52,6.58,6.35,6.58,62615.0,29587500.0,765664218.0,20090728
6.76,6.57,7.16,6.5,6.77,66650.0,27300400.0,750643996.0,20090818
6.91,6.74,6.97,6.62,6.91,41461.0,20667700.0,563207509.0,20090909
6.71,6.91,7.0,6.62,6.74,54271.0,25145900.0,684475997.0,20090930
7.1,6.7,7.31,6.55,7.15,63378.0,26508500.0,734426808.0,20091022
7.2,7.23,7.28,6.77,7.18,59858.0,22442400.0,629629183.0,20091113
8.29,7.17,8.3,7.17,8.23,47346.0,21932700.0,676145657.0,20091207
7.83,8.16,8.63,7.44,7.81,52171.0,26101300.0,840979089.0,20091230
7.34,7.88,7.98,7.24,7.3,50068.0,23505500.0,715088703.0,20100122
7.66,7.28,7.94,7.06,7.65,51156.0,24173200.0,735125041.0,20100217
7.63,7.67,7.7,7.16,7.63,44004.0,18097100.0,542757267.0,20100310
7.39,7.61,7.64,7.2,7.38,41233.0,19123600.0,569946410.0,20100331
7.75,7.42,7.75,7.24,7.72,41156.0,20442500.0,608505458.0,20100423
7.7,7.72,8.21,7.39,7.78,54456.0,25312300.0,721956128.0,20100514
7.12,7.7,8.07,6.89,7.12,69482.0,28373800.0,730043526.0,20100607
7.64,7.12,7.65,7.01,7.65,43288.0,19602900.0,498335549.0,20100628
7.22,7.56,7.74,7.16,7.22,46636.0,19636600.0,507433853.0,20100720
7.53,7.22,7.68,7.1,7.53,44252.0,18014500.0,467594882.0,20100810
8.07,7.42,8.29,7.21,8.08,63430.0,33055500.0,883616751.0,20100831
7.88,8.07,8.35,7.63,7.95,52954.0,21578400.0,594525001.0,20100922
8.21,7.97,8.31,7.51,8.23,60321.0,27932400.0,771432795.0,20101014
8.48,8.29,8.78,8.14,8.49,44907.0,23577500.0,696016631.0,20101105
8.22,8.45,8.75,8.08,8.23,42137.0,16281800.0,472536329.0,20101129
8.25,8.19,8.62,7.92,8.25,58691.0,21726600.0,619676919.0,20101220
8.73,8.3,8.73,7.97,8.73,42233.0,18830100.0,517612016.0,20110112
8.13,8.7,9.02,8.1,8.14,51116.0,19185400.0,540301139.0,20110203
8.05,8.13,8.37,7.78,8.05,49303.0,18120200.0,484487381.0,20110224
8.74,8.13,9.01,8.01,8.73,59882.0,20943000.0,598930741.0,20110321
9.38,8.7,9.98,8.63,9.36,59627.0,21873900.0,680051395.0,20110411
9.63,9.38,9.89,9.19,9.67,62719.0,24025800.0,745728559.0,20110504
9.79,9.63,10.18,9.63,9.79,47990.0,16153900.0,500370082.0,20110525
9.59,9.83,9.89,9.28,9.67,50570.0,18948400.0,570043674.0,20110615
9.86,9.65,10.24,9.53,9.91,52000.0,20449000.0,637417373.0,20110707
9.54,9.92,10.13,9.36,9.57,48786.0,19371900.0,593796602.0,20110728
8.77,9.45,9.63,8.44,8.73,82600.0,27349400.0,764462390.0,20110818
9.04,8.74,9.55,8.6,9.04,68882.0,23138200.0,660144734.0,20110909
8.87,9.04,9.52,8.67,8.85,73089.0,24658000.0,698486527.0,20110930
8.76,8.74,8.89,8.13,8.75,83858.0,29459600.0,779711414.0,20111024
9.56,8.67,9.62,8.39,9.52,82632.0,27882300.0,791094075.0,20111116
9.94,9.52,10.06,9.21,9.97,73635.0,24218400.0,729453802.0,20111207
10.92,9.85,11.14,9.75,10.92,59580.0,19318700.0,611990431.0,20111228
11.21,10.92,11.38,10.55,11.16,65250.0,17805000.0,586073151.0,20120119
12.36,11.13,12.5,11.13,12.47,89681.0,34035300.0,1199791148.0,20120210
13.12,12.41,13.56,12.25,13.12,72544.0,22201400.0,864985109.0,20120306
14.63,13.2,14.87,13.0,14.63,69798.0,20659200.0,867771597.0,20120327
15.83,14.97,16.02,14.42,15.78,77759.0,26682000.0,1213415883.0,20120419
15.83,15.87,16.7,14.81,15.83,77833.0,25902800.0,1021127744.0,20120511
15.05,15.78,15.78,14.46,15.05,96541.0,28496800.0,987779160.0,20120601
15.61,15.13,16.17,14.79,15.61,71390.0,21693400.0,782569249.0,20120625
16.7,15.58,16.74,15.53,16.73,72972.0,20873000.0,785272454.0,20120717
17,16.7,17.41,16.28,17.09,77000.0,20897900.0,813880795.0,20120807
16.55,17.17,17.48,15.79,16.55,78937.0,20346800.0,795339893.0,20120828
12.02,16.62,16.62,10.5,12.03,218897.0,100628300.0,2933967675.0,20120919
10.58,11.82,11.86,9.94,10.58,141373.0,58825100.0,1466838481.0,20121010
10.77,10.7,11.73,10.35,10.77,113528.0,57148500.0,1438618685.0,20121101
10.4,10.46,11.15,9.68,10.38,154116.0,65288200.0,1550233454.0,20121127
10.87,10.6,11.35,10.25,10.94,139656.0,55859000.0,1402615624.0,20121218
11.21,10.9,11.79,10.36,11.17,175633.0,93239500.0,2145943682.0,20130114
11.11,11.14,12.0,10.8,11.05,120108.0,46544200.0,1043544392.0,20130205
11.83,11.1,12.19,10.91,11.8,121035.0,50661400.0,1154264486.0,20130228
11.31,11.72,13.13,11.21,11.31,160038.0,68930800.0,1635761206.0,20130321
11.88,11.36,12.36,11.28,11.88,141943.0,69748100.0,1631102167.0,20130412
12.8,11.86,13.26,11.79,12.78,141396.0,62191700.0,1461408568.0,20130506
13.89,12.88,14.13,12.65,13.89,132816.0,45219200.0,1008069312.0,20130527
12.45,14.08,14.08,11.77,12.37,175082.0,64344700.0,1364392861.0,20130618
12.21,12.36,12.4,11.08,12.18,178139.0,59129000.0,1153190437.0,20130710
12.54,12.33,13.22,11.76,12.59,122841.0,41704000.0,870561921.0,20130731
11.51,12.62,12.8,11.49,11.53,142103.0,47440300.0,961939740.0,20130821
11.45,11.59,11.76,10.91,11.43,149952.0,50554600.0,956230376.0,20130911
11.55,11.45,11.71,10.78,11.55,135623.0,51153500.0,963606160.0,20131002
11.95,11.56,12.26,11.47,12,108238.0,35582500.0,703792000.0,20131023
11.36,12.03,12.14,11.2,11.34,110615.0,43065800.0,839194064.0,20131113
11.7,11.36,12.0,11.2,11.7,116463.0,43936100.0,841005025.0,20131206
11.13,11.76,11.92,11.01,11.13,116767.0,53913100.0,955442083.0,20140102
11.19,11.33,11.58,10.69,11.19,149807.0,67479700.0,925922628.0,20140123
11.08,11.03,11.29,10.46,11.05,192551.0,75025200.0,1010579333.0,20140213
10.37,11.13,11.23,10.07,10.36,195480.0,79454500.0,1042829044.0,20140310
12.37,10.46,12.72,10.3,12.38,223749.0,101334500.0,1413134513.0,20140331
13.48,12.46,13.55,11.97,13.48,199302.0,80234700.0,1268174819.0,20140423
13.53,13.49,14.66,12.82,13.57,169214.0,86242300.0,1404458423.0,20140515
13.84,13.8,14.55,13.26,13.84,126931.0,48927900.0,791140621.0,20140605
14.94,14.17,15.91,14.04,14.93,128576.0,44456100.0,777424567.0,20140630
18.45,15.05,18.45,14.55,18.45,146991.0,49318100.0,880071408.0,20140722
17.8,18.23,18.48,17.02,17.81,131566.0,40997600.0,789718360.0,20140812
17.45,17.91,18.53,16.81,17.47,159020.0,58892000.0,1131385814.0,20140902
14.41,17.55,17.86,14.0,14.28,194562.0,84224000.0,1421487325.0,20140923
15.72,14.04,16.05,12.84,15.58,237696.0,102646100.0,1601238273.0,20141014
13.21,15.19,15.63,11.87,13.19,217822.0,76958200.0,1139033678.0,20141104
13.78,13.11,14.05,11.96,13.76,185464.0,70801700.0,944437817.0,20141126
12.34,13.8,14.23,11.98,12.47,185526.0,67437000.0,883674838.0,20141217
11.57,12.72,13.82,11.38,11.6,157635.0,55490700.0,694090525.0,20150113
12.17,11.47,12.77,10.95,12.2,171780.0,60319700.0,713335119.0,20150203
13.09,12.3,13.09,11.15,13.04,122908.0,41054200.0,491624762.0,20150226
11.85,13,13.14,11.41,11.85,158786.0,52615900.0,635939167.0,20150319
13.87,12.04,14.36,11.86,13.88,168141.0,54811400.0,726603951.0,20150410
15.26,13.8,15.34,13.8,15.26,139110.0,49668400.0,723371356.0,20150505
14.41,15.19,16.08,13.97,14.45,159796.0,56050400.0,852322026.0,20150526
13,14.47,15.01,12.72,12.99,181170.0,59390200.0,829424398.0,20150617
10.9,13.05,13.86,10.87,10.9,189190.0,74116000.0,897061233.0,20150708
9.06,11.12,11.3,8.97,9.07,104816.0,45006300.0,463207426.0,20150724
