17.17,18.9,19.65,16.58,17.13,14997.0,17344300.0,342348865.0,20080122
17.67,16.94,18.9,16.68,17.74,14460.0,18297900.0,348498104.0,20080215
16.35,17.88,18.69,16.24,16.35,14455.0,15451000.0,291355891.0,20080307
15.99,16.29,16.85,14.98,16.02,15633.0,15011400.0,263884225.0,20080331
15.96,16.1,17.34,15.76,16.01,14981.0,12064600.0,214556122.0,20080422
15.78,15.96,16.5,15.59,15.75,17793.0,16207400.0,280312417.0,20080514
12.98,15.78,16.02,12.89,12.9,26652.0,26602800.0,409239606.0,20080605
10.35,13.07,13.07,10.18,10.35,26365.0,31731000.0,392593748.0,20080626
10.37,10.31,11.37,8.72,10.37,25448.0,31538600.0,340672830.0,20080718
10.94,10.48,11.71,10.27,10.95,25161.0,24482700.0,293133886.0,20080808
12.81,11.01,12.86,10.82,12.69,20375.0,17735700.0,232246153.0,20080829
13.01,12.81,13.6,11.4,13.06,27359.0,20710900.0,288809423.0,20080919
8.83,13.07,13.2,8.28,9.01,28918.0,28774900.0,355730617.0,20081010
10.36,9.38,10.77,7.97,10.22,28168.0,20311600.0,206962419.0,20081031
7.37,10.36,10.69,6.93,7.4,27730.0,18819000.0,171373079.0,20081124
9.13,7.37,9.78,6.98,9.08,22651.0,18471800.0,174486507.0,20081215
9.46,9.32,9.72,7.99,9.51,20401.0,15624800.0,153087550.0,20090109
8.03,9.4,9.56,7.98,8.03,20207.0,12374300.0,119683290.0,20090130
7.29,7.98,8.72,7.18,7.28,23299.0,14619900.0,128639744.0,20090220
6.3,6.45,6.67,5.11,6.31,43054.0,33619200.0,216745375.0,20090317
7.6,6.44,8.0,6.28,7.64,34442.0,24129400.0,188825349.0,20090407
8.28,7.76,9.03,7.76,8.28,37021.0,33396600.0,304620967.0,20090430
8.41,8.28,9.96,8.19,8.43,33669.0,27358300.0,268113428.0,20090522
7.58,8.41,9.09,7.49,7.56,41148.0,30357700.0,273317009.0,20090615
7.23,7.62,7.75,7.1,7.25,31044.0,26796100.0,218172453.0,20090706
7.8,7.23,7.9,6.83,7.8,36658.0,36045300.0,292997437.0,20090728
9.17,7.77,10.34,7.68,9.17,72034.0,60165600.0,596566814.0,20090818
9.62,9.14,9.65,8.97,9.59,41696.0,35287500.0,357778882.0,20090909
9.43,9.62,10.39,9.3,9.53,44920.0,42342900.0,451537616.0,20090930
9.4,9.38,9.52,8.95,9.38,60251.0,56222100.0,566719465.0,20091022
8.1,9.51,9.6,7.84,8.08,65916.0,75295100.0,693616441.0,20091113
8.08,8.18,8.38,7.84,8.05,34340.0,41022000.0,360970984.0,20091207
9.02,8,9.09,7.97,9,40432.0,53803800.0,504762550.0,20091230
9.29,9.07,9.65,8.85,9.28,35699.0,44811900.0,436240500.0,20100122
9.45,9.27,9.63,8.83,9.46,29198.0,37623200.0,367546634.0,20100217
9.66,9.36,9.77,9.19,9.68,24549.0,22769300.0,228466853.0,20100310
10.01,9.62,10.44,9.49,9.99,26513.0,27215300.0,287725093.0,20100331
9.67,10.03,10.11,9.42,9.67,30250.0,25605600.0,266615271.0,20100423
9.48,9.66,9.97,9.22,9.5,35590.0,27150700.0,273626343.0,20100514
8.83,9.41,9.71,8.83,8.87,34746.0,23826900.0,234711844.0,20100607
9.32,8.94,9.59,8.82,9.35,24648.0,17401200.0,168358999.0,20100628
9.73,9.28,9.73,8.68,9.73,24175.0,24102500.0,229472520.0,20100720
11.01,9.75,11.38,9.56,11.01,37793.0,32304500.0,359171942.0,20100810
10.38,10.99,11.24,9.68,10.38,38123.0,23293000.0,255119245.0,20100831
11.54,10.33,11.85,10.3,11.54,32183.0,19620500.0,229337968.0,20100922
10.85,11.49,11.84,10.71,10.78,41727.0,26450900.0,312512777.0,20101014
12.15,10.87,12.42,10.53,12.18,30334.0,22943200.0,272055570.0,20101105
11.57,12.19,12.26,11.48,11.67,31280.0,17924000.0,221076672.0,20101129
11.59,11.49,12.21,11.4,11.63,33085.0,20868500.0,257689480.0,20101220
12.1,11.79,12.29,11.43,12.14,36144.0,25974400.0,313941042.0,20110112
13.56,12.21,13.86,11.89,13.55,41296.0,25753200.0,345491658.0,20110203
12.93,13.38,14.11,12.9,13.07,40587.0,23101800.0,321688841.0,20110224
13.62,13.07,13.91,12.68,13.62,36729.0,22978300.0,313232533.0,20110321
12.58,13.68,13.94,12.51,12.62,37813.0,22885000.0,308762614.0,20110411
12.63,12.64,12.91,11.73,12.62,39619.0,24522700.0,309924796.0,20110504
12.13,12.57,13.36,12.08,12.13,29533.0,16307300.0,212405650.0,20110525
12.11,12.31,12.36,11.49,12.15,35146.0,27954700.0,344550163.0,20110615
11.39,12.1,12.61,11.25,11.37,31690.0,24331100.0,293398853.0,20110707
10.14,11.47,11.5,10.1,10.14,27300.0,18573900.0,207173877.0,20110728
8.71,10.29,11.34,8.05,8.71,53192.0,35052300.0,346137280.0,20110818
9.53,8.73,10.17,8.53,9.49,35753.0,20542100.0,196631560.0,20110909
11.54,9.49,11.92,9.35,11.5,50368.0,32308700.0,365436429.0,20110930
12.23,11.52,12.29,10.61,12.18,55032.0,27188700.0,317608443.0,20111024
11.29,12.15,12.34,10.49,11.32,50735.0,30578800.0,357866461.0,20111116
11.07,11.33,11.45,10.18,11.06,45594.0,19397900.0,216978226.0,20111207
11.3,10.94,11.39,10.53,11.33,35363.0,19276700.0,215383566.0,20111228
11.87,11.26,11.96,11.26,11.84,34414.0,17261800.0,205357845.0,20120119
11.96,11.95,12.22,11.38,11.99,50530.0,27089600.0,327524604.0,20120210
12.06,12,13.04,11.94,12.12,52748.0,27580300.0,354818453.0,20120306
14.07,12.18,14.31,12.1,14.07,54841.0,28114300.0,384505559.0,20120327
15.94,14.13,16.03,13.75,15.94,60426.0,34993200.0,533401051.0,20120418
15.54,15.74,16.49,15.24,15.51,61828.0,33176900.0,535854912.0,20120510
13.99,15.33,15.54,13.79,14.03,66880.0,27286900.0,405595608.0,20120531
13.06,13.91,14.05,12.9,13.12,56440.0,27869700.0,381757002.0,20120622
12.15,13.01,14.02,11.31,12.08,71136.0,38412500.0,492565054.0,20120716
12.54,12.32,13.58,11.97,12.53,72777.0,34770100.0,441447645.0,20120806
13.57,12.74,13.78,12.58,13.51,64222.0,27314200.0,364672849.0,20120827
13.82,13.5,14.6,13.13,13.82,58584.0,23259200.0,322708289.0,20120918
13.63,13.84,13.99,12.56,13.72,73381.0,35739300.0,480502212.0,20121009
14.02,13.73,14.71,13.64,14.09,65382.0,36308200.0,514914931.0,20121031
14.07,14.11,14.5,13.43,14.03,57906.0,27289600.0,385254938.0,20121127
13.99,13.97,14.02,12.45,13.95,89324.0,41054700.0,545850835.0,20121218
14.22,13.69,14.76,13.42,14.16,74387.0,29386100.0,418249860.0,20130114
16.46,14.16,16.74,13.82,16.48,72670.0,31617100.0,494889828.0,20130205
16.36,16.59,17.29,15.62,16.43,68067.0,29599600.0,483176466.0,20130228
17.09,16.48,17.66,16.18,17.17,75587.0,28322000.0,484240802.0,20130321
17.1,17.09,17.63,16.08,17.06,70107.0,25457900.0,444138652.0,20130412
16.96,17.03,17.42,15.38,17.21,106181.0,50707700.0,858000386.0,20130506
18.4,16.79,19.27,16.73,18.4,83302.0,37000200.0,685838222.0,20130527
20.36,18.57,20.49,18.01,20.36,98276.0,45411300.0,883355551.0,20130618
20.37,20.41,20.76,19.16,20.43,113644.0,46595000.0,958003258.0,20130710
18.83,20.56,21.31,18.73,18.84,92477.0,43792500.0,910259131.0,20130731
19.82,18.83,19.92,17.74,19.74,122597.0,44907100.0,863048549.0,20130821
19.5,19.75,20.25,18.27,19.6,95036.0,37696100.0,744209261.0,20130911
17.84,19.7,19.71,17.28,17.86,114957.0,44243900.0,818640382.0,20131002
17.88,17.97,18.7,16.98,17.91,114904.0,42928800.0,785678340.0,20131023
17.81,17.87,17.97,15.3,17.81,134281.0,50791800.0,867167463.0,20131113
17.09,17.92,18.0,16.7,17.07,86288.0,28557000.0,507841250.0,20131206
18.85,17.09,18.98,16.8,18.8,99580.0,33063900.0,609770243.0,20140102
19.42,18.84,20.16,18.47,19.34,107380.0,43396600.0,846020759.0,20140123
19.76,19.52,19.81,17.79,19.75,100933.0,35974900.0,681560492.0,20140213
19.83,19.74,20.95,18.99,19.83,102235.0,31543000.0,643612860.0,20140310
19.86,20,20.22,19.06,19.91,100934.0,25504600.0,509127055.0,20140331
18.89,19.87,20.18,18.21,18.84,101588.0,27835200.0,540719423.0,20140423
18.47,18.98,19.49,18.31,18.5,90942.0,30023300.0,575669627.0,20140515
20.54,18.55,20.87,18.27,20.55,91061.0,28488000.0,563895625.0,20140605
19.9,20.78,20.98,19.37,19.91,74534.0,22410300.0,459410929.0,20140630
21.63,20.17,22.21,19.85,21.54,91762.0,25938800.0,557203530.0,20140722
21.9,21.43,21.98,20.74,21.84,75498.0,25572900.0,554110429.0,20140812
21.53,21.96,22.71,21.08,21.63,82255.0,24314900.0,537614555.0,20140902
22.7,21.55,23.61,21.28,22.7,105635.0,31535000.0,722042501.0,20140923
21.53,22.65,24.22,20.78,21.55,142474.0,48090100.0,1110369613.0,20141014
23.74,21.78,23.98,20.37,23.74,176787.0,51185400.0,1155133561.0,20141104
22.9,23.78,24.61,22.58,22.9,113924.0,36408600.0,869269959.0,20141126
23.82,23.02,24.03,21.95,23.88,116389.0,32533800.0,758598715.0,20141217
22.68,23.61,25.47,22.44,22.72,85009.0,28682100.0,689148307.0,20150113
24.39,22.21,24.39,20.97,24.3,102894.0,34694500.0,781440176.0,20150203
26.04,24.16,26.45,23.75,25.96,94736.0,33694700.0,856814337.0,20150226
25.65,26.01,26.08,22.09,25.55,176860.0,57323800.0,1424437241.0,20150319
25.55,25.76,26.01,25.23,25.56,8936.0,2835500.0,72648731.0,20150320
