16.93,19.96,20.16,16.26,16.93,55524.0,45510300.0,1887088587.91,20080122
17.86,16.63,18.52,15.64,17.75,76133.0,64582400.0,2528646601.5,20080215
18.25,18.17,19.83,17.46,18.4,53551.0,46847300.0,2004652954.1,20080307
17.49,18.21,19.03,16.9,17.49,59407.0,57226900.0,2328195914.0,20080331
19.25,17.79,19.66,17.35,19.25,46041.0,45207900.0,1885522865.0,20080422
20.09,19.07,23.02,18.79,20.09,60658.0,44827900.0,2107834331.0,20080514
21.18,20.2,22.16,19.96,21.13,68636.0,48983200.0,2208568382.0,20080605
17.76,21.06,21.2,17.73,17.79,63524.0,65443700.0,2306443308.0,20080626
18.83,17.92,19.01,16.38,18.91,72252.0,73151000.0,2349194381.0,20080718
17.97,19.08,19.1,17.26,17.97,70557.0,74673100.0,2478281403.0,20080808
16.88,18.13,18.26,16.43,16.91,55670.0,43358200.0,1358670782.0,20080829
17.62,16.7,17.76,14.87,17.62,89065.0,71850800.0,2157177742.0,20080919
12.59,17.62,17.77,11.1,12.76,93049.0,95974600.0,2667305888.0,20081010
12.83,13.66,16.91,9.2,12.86,159666.0,118447100.0,2689695429.0,20081031
13.08,14.83,16.43,11.12,13.08,128754.0,89474800.0,2282895961.0,20081124
15.72,12.83,16.87,12.76,15.7,100728.0,64011100.0,1762218182.0,20081215
15.64,15.95,16.87,13.96,15.67,78147.0,51708000.0,1476430347.0,20090109
12.86,15.52,15.6,12.21,12.87,116559.0,87758500.0,2102461720.0,20090130
12.63,12.65,14.64,12.36,12.61,104300.0,78302600.0,1906830986.0,20090220
13.72,12.28,13.93,11.23,13.76,114971.0,81727100.0,1853028357.0,20090317
15.82,13.72,16.0,13.56,15.76,124966.0,99622000.0,2627189975.0,20090407
16.83,15.86,17.12,14.99,16.87,141122.0,107938900.0,3060673934.0,20090430
16.99,17.39,18.61,15.67,16.97,137987.0,114552800.0,3459781308.0,20090522
17.2,16.95,18.46,16.71,17.22,107986.0,88486200.0,2808325529.0,20090615
17.36,17.4,17.76,16.36,17.37,104294.0,75348300.0,2309754445.0,20090706
18.99,17.28,19.19,16.45,18.87,132549.0,89918100.0,2857696421.0,20090728
18.88,18.66,20.19,18.03,18.86,137293.0,78639100.0,2690984194.0,20090818
20,18.67,20.2,18.52,20,123917.0,74079600.0,2475177096.0,20090909
22,19.88,22.42,19.82,21.78,114344.0,78313200.0,2663802595.0,20090930
22.8,22.01,23.11,21.53,22.81,154230.0,106924700.0,3860101164.0,20091022
23.76,23.11,23.76,20.33,23.7,139135.0,93142800.0,3348224315.0,20091113
24.8,23.68,25.05,22.86,24.82,99423.0,69273700.0,2671841097.0,20091207
23.88,24.64,25.2,23.26,24.04,87796.0,58474900.0,2282882577.0,20091230
22.33,24.23,25.24,22.02,22.27,117752.0,79913300.0,3039881060.0,20100122
23.57,22.05,23.71,21.05,23.58,115990.0,80912700.0,2924426551.0,20100217
23.85,23.45,24.27,21.94,23.8,100331.0,65138500.0,2409436740.0,20100310
24.62,23.73,24.72,22.96,24.57,93831.0,58668500.0,2204077788.0,20100331
23.83,24.71,25.39,23.47,23.9,107801.0,66027200.0,2571800454.0,20100423
22.71,23.92,24.11,21.93,22.71,131749.0,76633800.0,2828342591.0,20100514
20.87,22.71,23.13,19.53,20.89,197509.0,133808500.0,4454627070.0,20100607
21.71,21.11,22.58,20.82,21.71,111684.0,59616600.0,2072432409.0,20100628
23.53,21.45,23.98,20.44,23.46,165771.0,97988800.0,3468544198.0,20100720
24.27,23.7,25.26,23.25,24.25,143386.0,83969400.0,3235656974.0,20100810
24.14,24.08,24.46,22.7,24.1,116961.0,74961500.0,2790757791.0,20100831
24.72,24.22,25.03,23.57,24.72,115106.0,66130400.0,2532012813.0,20100922
27.09,24.42,27.35,24.31,27,161524.0,95799600.0,3887808345.0,20101014
27.62,27.09,27.74,26.11,27.74,160285.0,86208300.0,3644099085.0,20101105
25.26,27.56,27.9,24.93,25.29,146979.0,77727600.0,3206362955.0,20101129
23.65,25.17,25.9,23.65,23.92,180153.0,91331800.0,3548689219.0,20101220
25.77,24.13,26.09,24.09,25.86,127864.0,77002200.0,3028517126.0,20110112
22.64,25.94,25.96,22.59,22.67,173544.0,99201300.0,3692307262.0,20110203
23.42,22.66,24.67,21.94,23.43,219414.0,116520200.0,4233068993.0,20110224
23.35,23.58,24.14,22.44,23.35,175057.0,103523200.0,3719093974.0,20110321
24.24,23.38,25.64,23.32,24.24,176312.0,98796400.0,3724125377.0,20110411
22.83,24.05,24.87,22.73,22.85,182872.0,108547200.0,3987549352.0,20110504
22.55,22.84,24.36,22.09,22.55,183691.0,94907400.0,3402198163.0,20110525
23.09,22.75,23.55,22.49,23.1,175941.0,95060400.0,3366449611.0,20110615
23.07,22.97,23.98,22.55,23.1,158467.0,80653500.0,2880048594.0,20110707
20.13,22.96,22.96,20.05,20.17,233635.0,141330900.0,4577252460.0,20110728
18.16,19.89,20.82,16.36,18.14,348628.0,221535800.0,6202808395.0,20110818
18.86,17.78,20.46,16.66,18.86,287455.0,172490800.0,4854316568.0,20110909
19.1,18.56,19.74,17.81,19.12,259415.0,153776700.0,4410145967.0,20110930
21.66,18.97,21.87,18.08,21.66,264435.0,149245400.0,4527287555.0,20111024
20.78,21.42,22.53,20.55,20.92,229362.0,122559700.0,3981579355.0,20111116
22.51,20.88,22.56,19.12,22.48,233191.0,140089300.0,4433560259.0,20111207
22.26,22.54,23.06,21.57,22.26,215311.0,108398800.0,3664462719.0,20111228
24.58,22.39,24.66,22.2,24.58,218923.0,94945700.0,3361369802.0,20120119
24.37,24.49,24.87,23.08,24.23,255819.0,142425100.0,5132752573.0,20120210
24.15,24.47,25.57,23.63,24.2,192169.0,95513300.0,3500734627.0,20120306
24.79,24.47,26.24,24.26,24.89,192614.0,110612100.0,4168972006.0,20120327
21.07,24.77,24.86,20.85,21.04,250353.0,137030300.0,4534834063.0,20120418
19.08,20.99,21.99,18.97,19.05,327618.0,206030600.0,6146895077.0,20120510
19.76,18.95,19.79,18.02,19.76,298487.0,176745200.0,4987300054.0,20120531
19.05,19.37,20.7,18.4,19.05,254128.0,132095400.0,3852875123.0,20120622
19.64,18.7,20.18,18.15,19.63,250549.0,113874100.0,3223465331.0,20120716
22.45,19.76,22.75,19.36,22.5,297027.0,149237600.0,4650574064.0,20120806
22.86,22.63,23.86,22.45,22.84,238363.0,117470400.0,3990607369.0,20120827
23.04,22.82,24.27,21.23,23.04,287219.0,134292900.0,4457155128.0,20120918
20.51,23.01,23.33,20.38,20.52,283380.0,160031900.0,5078541066.0,20121009
20.19,20.52,20.76,19.21,20.2,244564.0,126726400.0,3735390641.0,20121031
21.14,20.15,21.88,20.12,21.13,235479.0,116473500.0,3571914292.0,20121127
22.55,20.98,22.68,20.93,22.56,289864.0,141065800.0,4580511845.0,20121218
24.49,22.53,24.67,22.35,24.41,269920.0,135059900.0,4663343058.0,20130114
23.53,24.38,25.03,22.85,23.53,238219.0,121618400.0,4246055514.0,20130205
24.22,23.53,24.67,22.71,24.15,264185.0,138763100.0,4771607913.0,20130228
25.09,23.93,25.86,23.87,25.1,303591.0,130015800.0,4655808142.0,20130321
24.14,25.12,25.18,23.0,24.09,282145.0,120597100.0,4191121608.0,20130412
23.46,23.93,24.29,22.46,23.46,300084.0,139255800.0,4648503619.0,20130506
25.18,23.51,25.7,23.34,25.18,295618.0,138291400.0,4713691877.0,20130527
22.56,25.37,25.62,22.34,22.53,366196.0,178445400.0,5540490409.0,20130618
20.78,22.63,22.65,19.89,20.71,479263.0,239802800.0,6676746917.0,20130710
22.37,21.03,23.12,20.82,22.46,326862.0,154424900.0,4409874465.0,20130731
22.11,22.58,23.79,21.83,22.15,411168.0,197365600.0,5825020073.0,20130821
24.1,22.37,24.37,21.68,24.05,326909.0,155158000.0,4570032389.0,20130911
24.61,24.1,25.48,23.7,24.58,333165.0,154168600.0,4876039578.0,20131002
25.82,24.62,26.42,24.18,25.9,319122.0,137743500.0,4488375015.0,20131023
25.64,26.05,26.98,24.77,25.64,300449.0,141023900.0,4734746085.0,20131113
24.57,25.68,26.51,24.06,24.58,319953.0,158566500.0,5136054835.0,20131206
24.62,24.63,25.09,23.76,24.66,228860.0,125084900.0,3931799862.0,20140102
23.25,24.67,24.92,23.16,23.16,261553.0,179770700.0,5558948280.0,20140123
24.64,23.22,25.29,22.65,24.58,443810.0,201954000.0,6187726468.0,20140213
24.38,24.6,25.37,23.94,24.38,315294.0,128619200.0,4001264005.0,20140310
27.02,24.62,27.05,23.2,26.99,393939.0,166346700.0,5261059325.0,20140331
28.64,27.03,28.94,26.8,28.64,395546.0,172966700.0,6024025728.0,20140423
29.67,28.64,30.26,28.46,29.7,325264.0,147320300.0,5462771017.0,20140515
27.63,29.73,30.12,27.45,27.6,296024.0,138328500.0,4961997564.0,20140605
27.94,28.76,30.43,27.76,27.97,307789.0,148589900.0,4947282714.0,20140630
31.07,28.2,31.46,27.53,31.07,275439.0,135121800.0,4527883443.0,20140722
31.22,30.77,32.34,30.37,31.25,311988.0,142083900.0,5050576378.0,20140812
36.69,31.37,36.75,30.5,36.68,378142.0,166737700.0,6332888018.0,20140902
32.75,36.83,36.93,32.5,32.74,415734.0,191790100.0,7447167284.0,20140923
33.82,32.68,35.2,28.94,34,539025.0,280598400.0,10119347405.0,20141014
33.04,33.11,33.7,26.91,32.91,624565.0,331133600.0,11412153677.0,20141104
34.92,32.68,36.22,30.42,34.98,364541.0,172949900.0,6449103695.0,20141126
30.3,34.95,35.44,28.41,30.37,388110.0,188499500.0,6676044980.0,20141217
30.1,30.86,32.43,29.35,30.19,321289.0,155434000.0,5388578380.0,20150113
30.39,29.85,31.23,28.84,30.47,407710.0,187311300.0,6344523882.0,20150203
33.6,30.39,33.6,30.07,33.58,400505.0,180084800.0,6357547684.0,20150226
32.46,33.51,34.12,29.67,32.46,539668.0,246074400.0,8537634264.0,20150319
32.53,32.71,33.13,32.53,32.59,28927.0,15490200.0,558533942.0,20150320
