9.07,9.17,9.37,8.92,9.17,70146.0,171269700.0,2891201800.0,20090629
9.1,9.12,9.23,9.01,9.09,13527.0,45050300.0,759474732.0,20090630
9.65,9.26,9.77,9.22,9.62,18677.0,41391200.0,734259970.0,20090701
9.74,9.47,9.74,9.36,9.72,11115.0,26749200.0,476366235.0,20090702
9.62,9.75,9.87,9.62,9.62,3377.0,2806500.0,50678458.0,20090703
9.54,9.52,9.7,9.41,9.52,9917.0,8998700.0,158892781.0,20090706
9.04,9.48,9.48,9.04,9.04,8322.0,13702400.0,235237511.0,20090707
9.15,9.07,9.29,9.04,9.14,12769.0,10380300.0,175496403.0,20090708
9.47,9.17,9.55,9.14,9.45,14435.0,13027200.0,224345203.0,20090710
9.75,9.52,9.76,9.29,9.73,11858.0,41749900.0,741742139.0,20090713
9.84,9.78,9.94,9.67,9.84,15101.0,16518400.0,299612610.0,20090714
10.01,9.94,10.12,9.93,10.02,6764.0,7667400.0,141987398.0,20090715
10.13,10.04,10.2,9.73,10.13,3611.0,3733700.0,69689523.0,20090716
9.97,10.22,10.26,9.88,9.97,4796.0,8335400.0,155739014.0,20090717
9.67,10,10.08,9.62,9.67,10053.0,15989200.0,289529940.0,20090720
9.48,9.73,9.77,9.41,9.48,6152.0,8661100.0,152527112.0,20090721
9.43,9.47,9.62,9.41,9.44,5854.0,13493200.0,237307325.0,20090722
9.47,9.48,9.57,9.45,9.47,6498.0,7169800.0,126092489.0,20090723
9.37,9.48,9.69,9.33,9.37,5564.0,6156800.0,108118255.0,20090724
9.2,9.45,9.48,9.14,9.17,6162.0,8592200.0,146663232.0,20090727
9.3,9.16,9.32,9.14,9.3,4926.0,12343400.0,210526378.0,20090728
9.23,9.27,9.28,9.17,9.22,2814.0,2367900.0,40371188.0,20090729
9.54,9.27,9.56,9.27,9.55,5764.0,5394600.0,94059798.0,20090730
9.65,9.52,9.67,9.52,9.62,2821.0,2864100.0,50987776.0,20090731
9.6,9.7,9.83,9.56,9.58,6099.0,3053400.0,54787774.0,20090803
9.78,9.55,9.8,9.52,9.7,4073.0,3523700.0,63374005.0,20090804
10.09,9.77,10.1,9.67,10.06,9210.0,9288500.0,167691853.0,20090805
9.71,10.09,10.18,9.65,9.68,6101.0,6548300.0,117767600.0,20090806
9.58,9.76,9.83,9.41,9.57,10495.0,13298100.0,230659868.0,20090807
9.52,9.52,9.58,9.41,9.52,5978.0,8783800.0,152354271.0,20090810
9.39,9.5,9.5,9.29,9.37,6176.0,11692600.0,200334608.0,20090811
9.38,9.37,9.47,9.31,9.37,4364.0,7279700.0,124518469.0,20090812
9.29,9.41,9.46,9.27,9.3,4000.0,11002600.0,187418582.0,20090813
9.17,9.3,9.32,9.11,9.22,4006.0,4243200.0,71441961.0,20090814
9.15,9.04,9.31,8.9,9.14,3423.0,2704900.0,44819999.0,20090817
9.27,9.16,9.42,9.16,9.26,4492.0,3034200.0,51395371.0,20090818
9.16,9.18,9.26,9.11,9.15,4717.0,2763800.0,46262589.0,20090819
9.07,9.14,9.17,9.05,9.08,1648.0,2260100.0,37620555.0,20090820
9.32,9.12,9.41,9.12,9.36,5565.0,4390500.0,74436245.0,20090821
9.47,9.44,9.53,9.37,9.47,3486.0,4345200.0,75201370.0,20090824
9.47,9.47,9.57,9.44,9.47,4049.0,5267800.0,91304417.0,20090825
9.27,9.47,9.48,9.16,9.27,5211.0,6621400.0,111895395.0,20090826
9.15,9.2,9.27,9.02,9.11,4425.0,4709500.0,78294439.0,20090827
8.94,9.17,9.26,8.82,8.92,4080.0,5697500.0,93434859.0,20090828
9.02,8.87,9.02,8.71,8.97,7577.0,9016800.0,145411838.0,20090831
8.8,9,9.0,8.77,8.82,2924.0,3637300.0,58816047.0,20090901
8.73,8.77,8.92,8.66,8.74,5799.0,6260100.0,100086118.0,20090902
8.77,8.83,8.88,8.74,8.8,4693.0,4217400.0,67804983.0,20090903
8.84,8.85,8.85,8.74,8.84,4263.0,2761000.0,44247451.0,20090904
8.97,8.87,9.02,8.84,8.99,8920.0,4934100.0,80228355.0,20090908
8.77,9,9.0,8.75,8.77,8373.0,4151700.0,66731598.0,20090909
8.84,8.74,8.87,8.74,8.86,4585.0,2590300.0,41602448.0,20090910
8.75,8.88,8.89,8.74,8.75,4441.0,3594300.0,57578283.0,20090911
8.77,8.74,8.83,8.67,8.76,4078.0,2926100.0,46847088.0,20090914
8.71,8.77,8.82,8.67,8.71,8076.0,5752800.0,91799959.0,20090915
9.25,8.74,9.29,8.72,9.26,8958.0,13736000.0,226382746.0,20090916
9.62,9.31,9.73,9.29,9.63,14778.0,8754400.0,152637720.0,20090917
9.94,9.7,9.97,9.62,9.92,7602.0,6617200.0,118971696.0,20090918
10.07,9.82,10.29,9.52,10.12,8934.0,7089100.0,130164148.0,20090921
9.88,10.17,10.24,9.76,9.86,7323.0,4857700.0,88721951.0,20090922
9.62,9.9,10.0,9.58,9.58,3311.0,3587500.0,64277417.0,20090923
9.85,9.6,9.92,9.6,9.77,4048.0,3535100.0,62966898.0,20090924
9.79,9.7,9.85,9.67,9.77,3716.0,2838400.0,50520864.0,20090925
9.87,9.83,9.97,9.71,9.88,2457.0,1633500.0,29498440.0,20090928
9.56,9.76,9.84,9.53,9.54,2835.0,2595200.0,45797704.0,20090929
9.62,9.65,9.7,9.52,9.56,2761.0,3596700.0,63190619.0,20090930
9.31,9.54,9.72,9.27,9.31,5225.0,3481800.0,59856077.0,20091001
9.41,9.37,9.47,9.29,9.37,3413.0,5767600.0,98636100.0,20091002
9.71,9.47,9.72,9.41,9.72,2839.0,4910500.0,86385233.0,20091005
9.82,9.76,9.93,9.71,9.83,6455.0,5828800.0,104570043.0,20091006
9.69,9.76,9.84,9.57,9.69,2359.0,2960500.0,52849093.0,20091007
9.5,9.75,9.84,9.32,9.48,6288.0,6435200.0,111492419.0,20091008
9.42,9.47,9.47,9.29,9.41,5671.0,4084800.0,69902375.0,20091009
9.48,9.44,9.55,9.33,9.48,4467.0,4565500.0,78360972.0,20091013
9.56,9.57,9.7,9.52,9.57,4441.0,4025800.0,70624670.0,20091014
9.71,9.58,9.78,9.56,9.69,4862.0,8724100.0,154645077.0,20091015
9.84,9.63,9.98,9.54,9.86,11319.0,11904400.0,214366722.0,20091016
9.8,9.97,10.11,9.8,9.82,5718.0,4778600.0,87589237.0,20091019
9.77,9.78,9.92,9.58,9.77,5549.0,5007600.0,89014612.0,20091020
9.58,9.76,9.86,9.56,9.62,2596.0,2850000.0,50656814.0,20091021
9.52,9.67,9.67,9.44,9.52,3685.0,3484200.0,60715302.0,20091022
9.37,9.63,9.71,9.31,9.32,3826.0,3650900.0,62921810.0,20091023
9.12,9.44,9.44,8.88,9.14,4335.0,4957600.0,81636880.0,20091026
8.67,9.12,9.14,8.66,8.67,6906.0,7246700.0,116284619.0,20091027
8.87,8.71,8.88,8.38,8.87,5103.0,6124300.0,95870693.0,20091028
9.3,9.1,9.43,8.92,9.32,5861.0,5230900.0,88494716.0,20091029
8.88,9.37,9.43,8.82,8.88,5237.0,4841300.0,80135744.0,20091030
9.29,8.88,9.31,8.81,9.29,5918.0,4126700.0,68484219.0,20091103
9.35,9.37,9.48,9.27,9.32,2982.0,2064800.0,35338633.0,20091104
9.25,9.31,9.37,9.16,9.29,3194.0,1457400.0,24632372.0,20091105
9.16,9.28,9.31,9.07,9.15,2109.0,1372500.0,22928595.0,20091106
9.28,9.3,9.31,9.16,9.23,2224.0,2931900.0,49490862.0,20091109
9.18,9.17,9.31,8.99,9.19,3276.0,3956700.0,65893596.0,20091110
9.14,9.29,9.37,9.07,9.15,2843.0,2810500.0,47348341.0,20091111
9.19,9.19,9.19,9.04,9.12,4065.0,6136500.0,102080683.0,20091112
9.15,9.15,9.25,9.15,9.19,4763.0,4898300.0,82327094.0,20091113
9.26,9.23,9.31,9.17,9.26,3048.0,3825600.0,64651294.0,20091116
9.14,9.19,9.27,9.14,9.19,1956.0,2458700.0,41293611.0,20091117
8.74,9.22,9.22,8.74,8.75,9487.0,10899100.0,176872516.0,20091118
8.55,8.74,8.74,8.34,8.5,11333.0,12385100.0,191070371.0,20091119
8.69,8.72,8.9,8.66,8.71,7967.0,7747400.0,123518290.0,20091123
8.83,8.72,8.92,8.67,8.83,3812.0,7410200.0,119065038.0,20091124
9.03,8.89,9.04,8.84,9.02,3737.0,6575300.0,107712981.0,20091125
8.77,8.84,8.88,8.77,8.77,1997.0,1657600.0,26659875.0,20091126
8.87,8.75,8.88,8.69,8.88,2258.0,3264400.0,52343469.0,20091127
8.97,8.88,9.02,8.84,8.97,2894.0,3332900.0,54419928.0,20091130
9.16,9.04,9.23,8.97,9.16,9671.0,9494200.0,157890980.0,20091201
8.99,9.19,9.3,8.89,9,6083.0,9318500.0,153949580.0,20091202
8.55,9.08,9.08,8.44,8.52,12659.0,16591600.0,260868308.0,20091203
8.38,8.55,8.67,8.27,8.38,14455.0,9746800.0,149421545.0,20091204
8.24,8.45,8.45,8.18,8.25,9346.0,7674600.0,116185184.0,20091207
7.87,8.17,8.21,7.83,7.88,12110.0,13946800.0,204313270.0,20091208
7.38,7.89,7.89,7.32,7.37,18843.0,21318100.0,295305521.0,20091209
8.03,7.52,8.04,7.46,8.03,15776.0,31421000.0,444017249.0,20091210
8.15,8.15,8.32,8.03,8.17,12590.0,12439200.0,185577381.0,20091211
8.22,8.24,8.34,8.18,8.22,7110.0,6861300.0,103213546.0,20091214
8.18,8.15,8.26,8.08,8.17,4848.0,5369400.0,80323731.0,20091215
8.1,8.23,8.26,7.96,8.08,4454.0,5793000.0,85960397.0,20091216
7.99,8.08,8.08,7.68,7.94,5959.0,6848800.0,98990244.0,20091217
7.92,8.01,8.05,7.85,7.93,2897.0,4175100.0,60501224.0,20091218
8.01,8.01,8.25,8.0,8.03,3679.0,3413400.0,50485220.0,20091221
8.05,8.11,8.15,8.03,8.05,5614.0,3360200.0,49569863.0,20091222
8.18,8.11,8.21,8.06,8.18,4470.0,3795300.0,56388219.0,20091223
8.34,8.22,8.41,8.21,8.34,3077.0,3397300.0,51715520.0,20091228
8.24,8.37,8.42,8.2,8.22,1578.0,1895800.0,28776474.0,20091229
8.38,8.21,8.42,8.14,8.39,1806.0,1801100.0,27343351.0,20091230
8.63,8.41,8.66,8.34,8.61,4256.0,3999600.0,62193920.0,20100104
8.53,8.63,8.69,8.47,8.52,3093.0,2209500.0,34471925.0,20100105
8.54,8.55,8.63,8.5,8.56,2665.0,5162500.0,80989763.0,20100106
8.81,8.52,8.88,8.5,8.81,5930.0,9177800.0,146164431.0,20100107
8.66,8.81,8.97,8.66,8.71,4248.0,4272600.0,68622984.0,20100108
8.52,8.67,8.8,8.42,8.52,2483.0,2607200.0,40798243.0,20100111
8.27,8.45,8.47,8.22,8.3,5175.0,4840400.0,73230666.0,20100112
8.2,8.32,8.4,8.1,8.21,5567.0,4858000.0,72801290.0,20100113
8.32,8.24,8.32,8.17,8.3,1987.0,2216900.0,33330221.0,20100114
8.27,8.32,8.32,8.12,8.3,2195.0,2276900.0,34111938.0,20100115
8.34,8.32,8.42,8.32,8.39,1483.0,1165700.0,17824863.0,20100118
8.25,8.31,8.38,8.23,8.26,2246.0,1659100.0,25116314.0,20100119
7.99,8.22,8.22,7.97,7.97,2175.0,3589500.0,52716527.0,20100120
8.05,8.02,8.12,7.88,8.02,2907.0,4127000.0,60305583.0,20100121
8.34,7.95,8.45,7.94,8.35,4428.0,6077000.0,91185181.0,20100122
8.3,8.27,8.57,8.15,8.32,2784.0,2987000.0,45739017.0,20100126
8.22,8.32,8.42,8.19,8.24,2225.0,3286000.0,49619738.0,20100127
8.27,8.31,8.37,8.24,8.27,2671.0,1820300.0,27521719.0,20100128
8.17,8.34,8.45,8.09,8.13,3572.0,3650500.0,54705552.0,20100129
8.24,8.22,8.24,8.11,8.21,4018.0,2781600.0,41548564.0,20100201
8.27,8.25,8.37,8.17,8.27,5184.0,2980400.0,44972130.0,20100202
8.52,8.27,8.55,8.27,8.52,5751.0,3885400.0,59909092.0,20100203
8.11,8.53,8.53,8.11,8.14,6633.0,3628800.0,55236716.0,20100204
7.98,8.11,8.27,7.64,7.94,8233.0,8299100.0,120758389.0,20100205
7.63,8.03,8.05,7.63,7.67,4352.0,2998100.0,42386556.0,20100208
7.77,7.77,7.83,7.67,7.77,2755.0,2914500.0,41211744.0,20100209
7.72,7.84,7.87,7.63,7.72,2005.0,2041000.0,28956024.0,20100210
7.8,7.72,7.82,7.69,7.79,1384.0,866000.0,12257786.0,20100211
7.71,7.72,7.77,7.58,7.68,3546.0,3183000.0,44551192.0,20100212
7.58,7.77,7.82,7.51,7.58,6497.0,12185800.0,168246069.0,20100217
7.89,7.62,7.9,7.57,7.89,5541.0,3880000.0,54704486.0,20100218
7.83,7.83,7.92,7.74,7.82,5993.0,2597700.0,37050950.0,20100219
7.82,7.83,7.87,7.68,7.82,6881.0,7024300.0,99620229.0,20100222
7.82,7.8,7.87,7.72,7.82,3408.0,2637700.0,37576528.0,20100223
7.82,7.82,7.87,7.72,7.83,1903.0,1968600.0,27951514.0,20100224
7.66,7.72,7.72,7.58,7.67,6159.0,3795900.0,53013859.0,20100225
7.72,7.68,7.76,7.62,7.76,2474.0,2688100.0,37701810.0,20100226
7.97,7.74,8.05,7.74,8,2001.0,4033600.0,58389281.0,20100301
8.05,7.92,8.08,7.92,8.05,3963.0,3386600.0,49799424.0,20100302
7.89,8.08,8.1,7.89,7.91,4773.0,4318100.0,63003982.0,20100303
8.05,7.97,8.05,7.88,8.03,2920.0,2868500.0,41767567.0,20100304
8.14,8.14,8.19,8.08,8.13,2413.0,3537300.0,52540796.0,20100305
8.05,8.11,8.22,8.03,8.15,2739.0,2028300.0,30054977.0,20100308
8.15,8.08,8.19,8.04,8.14,5780.0,3345400.0,49782493.0,20100309
8.24,8.18,8.25,8.14,8.19,4009.0,2791900.0,41797183.0,20100310
8.24,8.18,8.32,8.14,8.27,2168.0,2207500.0,33172122.0,20100311
8.18,8.34,8.34,8.15,8.18,2139.0,2322800.0,34816727.0,20100312
8.05,8.24,8.3,8.04,8.07,3996.0,3320400.0,47896829.0,20100315
8.39,8.15,8.42,8.12,8.41,6206.0,5125400.0,75069415.0,20100316
8.38,8.38,8.52,8.34,8.4,2923.0,1595100.0,23724420.0,20100317
8.99,8.35,9.15,8.35,9.02,13965.0,12217000.0,192629048.0,20100318
9.44,9.02,9.52,8.82,9.41,6806.0,9698600.0,158825919.0,20100319
9.62,9.31,9.65,9.29,9.58,5697.0,4126100.0,69432125.0,20100322
9.47,9.6,9.72,9.38,9.52,2508.0,3538100.0,59222044.0,20100323
9.62,9.45,9.72,9.45,9.57,4008.0,5748000.0,97801518.0,20100324
9.43,9.62,9.79,9.32,9.37,7836.0,6207100.0,104462367.0,20100325
9.33,9.43,9.52,9.32,9.37,5736.0,5968700.0,98607286.0,20100326
9.29,9.37,9.52,9.04,9.27,3047.0,3408100.0,55348480.0,20100329
9.45,9.22,9.62,9.2,9.44,4276.0,4196600.0,69397788.0,20100330
9.59,9.31,9.69,9.27,9.6,5150.0,3833600.0,64691505.0,20100331
9.52,9.53,9.79,9.48,9.56,3297.0,2677200.0,45614360.0,20100401
9.47,9.77,9.77,9.38,9.47,3656.0,3040000.0,50909102.0,20100405
9.19,9.47,9.52,9.16,9.2,4170.0,4393400.0,71907554.0,20100406
8.9,9.18,9.29,8.87,8.91,5378.0,6336900.0,101928155.0,20100407
9.16,8.84,9.17,8.79,9.15,9736.0,4101000.0,65329539.0,20100408
8.97,9.19,9.23,8.92,8.97,2706.0,2732300.0,43334187.0,20100409
8.92,9.02,9.09,8.87,8.92,2931.0,3511100.0,55257609.0,20100412
9.19,8.92,9.27,8.89,9.22,3190.0,2629500.0,41865055.0,20100413
9.22,9.26,9.38,9.12,9.19,4615.0,2759300.0,45212242.0,20100414
9.07,9.19,9.29,9.05,9.12,1688.0,1003900.0,16168609.0,20100415
9.29,9.07,9.32,9.03,9.29,2251.0,1792600.0,28897406.0,20100416
9.16,9.17,9.32,9.04,9.19,3765.0,1846700.0,29824304.0,20100419
9.29,9.23,9.45,9.17,9.28,2590.0,2723500.0,44839146.0,20100420
9.71,9.14,9.75,9.14,9.69,5812.0,3602700.0,60070269.0,20100422
9.54,9.71,9.79,9.44,9.54,3781.0,4021100.0,68048381.0,20100423
9.45,9.54,9.54,9.31,9.46,5537.0,4841800.0,80334042.0,20100426
9.37,9.41,9.67,9.37,9.42,4652.0,4415400.0,73981156.0,20100427
9.52,9.44,9.67,9.31,9.52,3967.0,3471300.0,58286770.0,20100428
9.55,9.62,9.67,9.52,9.62,3906.0,3882200.0,65633427.0,20100429
9.5,9.65,9.76,9.44,9.48,7369.0,14568900.0,246169875.0,20100430
9.67,9.67,9.72,9.5,9.67,5101.0,4765000.0,80899366.0,20100503
9.37,9.57,9.79,9.27,9.42,8064.0,6407300.0,107229948.0,20100504
9.52,9.28,9.72,9.27,9.55,7130.0,4940400.0,83576082.0,20100505
9.32,9.52,9.65,9.15,9.44,8927.0,4585600.0,76566245.0,20100506
9.37,9.47,9.62,9.2,9.37,5817.0,5668100.0,94361775.0,20100507
9.55,9.6,10.03,9.55,9.57,6939.0,5200100.0,89037755.0,20100510
9.73,9.44,9.92,9.44,9.77,5197.0,3856800.0,66412495.0,20100511
10.12,9.82,10.13,9.77,10.09,5553.0,4659100.0,81591722.0,20100512
10.12,10.11,10.2,9.99,10.14,4068.0,3610200.0,64232218.0,20100513
9.8,9.95,10.02,9.79,9.8,3066.0,2903500.0,50406679.0,20100514
10.17,9.88,10.22,9.83,10.14,4918.0,4876600.0,86544079.0,20100517
8.67,10.26,10.29,8.63,8.67,15721.0,21539300.0,351760921.0,20100518
8.74,9.07,9.19,8.42,8.72,12203.0,12319400.0,191664676.0,20100519
8.42,8.38,8.77,8.28,8.49,6587.0,4485900.0,66941153.0,20100520
8.67,8.48,8.74,8.35,8.73,3982.0,2823500.0,42445083.0,20100521
8.67,8.74,8.91,8.56,8.67,5362.0,3023200.0,46381547.0,20100524
8.52,8.52,8.72,8.4,8.5,4738.0,3861700.0,57856230.0,20100525
8.5,8.56,8.6,8.19,8.49,4289.0,4236900.0,63241208.0,20100526
8.77,8.54,8.84,8.48,8.77,4064.0,4263200.0,65072521.0,20100527
8.77,8.63,8.77,8.47,8.73,3811.0,2853200.0,43300522.0,20100528
8.88,8.77,8.92,8.58,8.85,1453.0,1247000.0,19163104.0,20100531
8.99,8.82,9.17,8.64,8.92,5575.0,4054200.0,64015689.0,20100601
9.02,9.07,9.15,8.99,9.02,4411.0,3116700.0,49654804.0,20100602
8.74,8.97,9.02,8.63,8.74,3531.0,1837500.0,28577808.0,20100604
9.03,8.72,9.15,8.72,8.99,3951.0,1818200.0,28905974.0,20100607
8.97,9.04,9.14,8.95,9.02,2886.0,1590100.0,25322589.0,20100608
8.91,9.07,9.12,8.88,8.92,2213.0,1026000.0,16357926.0,20100609
9.3,8.99,9.33,8.99,9.32,2956.0,1963000.0,31858946.0,20100610
9.33,9.16,9.41,9.1,9.33,2599.0,1382600.0,22527653.0,20100611
9.48,9.33,9.57,9.28,9.48,2958.0,1611600.0,26951573.0,20100614
9.61,9.52,9.77,9.52,9.57,5083.0,3792100.0,64451684.0,20100615
9.52,9.57,9.84,9.52,9.57,8630.0,5853900.0,99571358.0,20100616
9.6,9.57,9.77,9.54,9.68,7954.0,3349000.0,57014126.0,20100617
9.5,9.6,9.6,9.45,9.48,1914.0,1535800.0,25818811.0,20100618
9.29,9.62,9.75,9.23,9.33,2844.0,2685900.0,44809422.0,20100621
9.25,9.32,9.43,9.2,9.22,4755.0,3146200.0,51627091.0,20100622
9.19,9.32,9.32,9.07,9.2,3528.0,2712600.0,43683057.0,20100623
9.09,9.16,9.3,9.07,9.09,4316.0,1887400.0,30381723.0,20100624
9.31,9.07,9.37,9.07,9.32,3389.0,2222600.0,35868548.0,20100625
9.15,9.31,9.4,9.12,9.14,2410.0,1216600.0,19678307.0,20100628
9.03,9.07,9.07,8.89,8.99,4067.0,2202100.0,34805894.0,20100629
8.61,8.99,9.04,8.54,8.6,3906.0,2611700.0,40617977.0,20100630
8.56,8.71,8.82,8.47,8.57,5265.0,4165100.0,63383287.0,20100701
8.51,8.58,8.61,8.42,8.5,3799.0,2182000.0,32786779.0,20100702
8.27,8.52,8.56,8.19,8.27,3496.0,1949000.0,28430749.0,20100705
8.71,8.32,8.72,8.32,8.71,7394.0,4212100.0,63473253.0,20100706
9.04,8.71,9.14,8.67,9.04,4732.0,3683000.0,58257334.0,20100707
9.08,9.11,9.14,8.92,9.07,4540.0,2573400.0,41002317.0,20100708
8.99,9.11,9.27,8.92,9.04,5166.0,2465800.0,39417663.0,20100712
9.37,9.11,9.38,9.07,9.32,2416.0,2286800.0,37107456.0,20100713
9.25,9.25,9.48,9.22,9.29,3026.0,2651200.0,43724042.0,20100714
9.4,9.28,9.43,9.15,9.32,4183.0,4842700.0,79213312.0,20100715
9.14,9.31,9.42,9.11,9.12,3180.0,1954500.0,31747000.0,20100716
9.12,9.23,9.26,9.11,9.15,4645.0,1723800.0,27826889.0,20100719
8.92,9.12,9.16,8.88,8.94,6367.0,3171400.0,50170182.0,20100720
8.79,8.99,9.02,8.71,8.77,6257.0,3345500.0,51767646.0,20100721
8.92,8.88,9.09,8.85,8.89,3218.0,3463300.0,54728291.0,20100722
8.85,8.91,8.99,8.72,8.84,4815.0,2554600.0,39606203.0,20100723
8.72,8.77,8.89,8.62,8.74,5590.0,3231000.0,49914678.0,20100726
8.74,8.85,8.96,8.69,8.74,5197.0,2501400.0,38816930.0,20100727
8.72,8.74,8.79,8.58,8.72,5615.0,4873300.0,74672243.0,20100728
8.8,8.75,8.8,8.65,8.79,10033.0,6550700.0,100883990.0,20100729
9,8.74,9.15,8.71,8.99,7550.0,10078500.0,158841479.0,20100730
8.92,9.11,9.14,8.92,8.93,5762.0,3351900.0,53303832.0,20100802
9.09,8.97,9.14,8.95,9.08,4912.0,3816500.0,60965907.0,20100803
9.08,9.12,9.28,9.07,9.09,3201.0,3205700.0,51594169.0,20100804
9,9.09,9.09,8.92,9.01,3528.0,2945200.0,46589956.0,20100805
8.91,8.87,9.02,8.82,8.91,4250.0,3051200.0,47693526.0,20100806
8.97,8.95,9.17,8.95,8.99,6198.0,3894900.0,62161542.0,20100809
9.09,8.94,9.12,8.92,9.07,7556.0,3963500.0,63047041.0,20100810
8.97,8.97,9.03,8.92,8.97,2673.0,4146000.0,65507860.0,20100811
8.87,8.93,9.02,8.74,8.88,2925.0,2790300.0,43692584.0,20100812
8.86,8.86,9.01,8.83,8.87,3146.0,2018000.0,31801547.0,20100813
8.99,8.89,9.02,8.86,8.99,2193.0,1779700.0,27973792.0,20100816
8.93,9.02,9.14,8.86,8.93,3985.0,3882100.0,61502703.0,20100817
8.83,8.97,8.99,8.76,8.84,5876.0,3815900.0,59414809.0,20100818
8.73,8.87,8.87,8.67,8.74,3129.0,2799300.0,43075866.0,20100819
8.8,8.73,8.84,8.71,8.77,1867.0,2137700.0,33004552.0,20100820
8.74,8.8,8.9,8.72,8.74,3784.0,2858000.0,44409103.0,20100823
8.74,8.69,8.84,8.67,8.72,2624.0,1737500.0,26877396.0,20100824
8.57,8.71,8.74,8.52,8.57,2914.0,4315300.0,65143108.0,20100825
8.31,8.58,8.62,8.3,8.32,5131.0,3769500.0,55750722.0,20100826
8.74,8.4,8.77,8.39,8.72,5957.0,3042700.0,46215097.0,20100827
8.57,8.67,8.69,8.54,8.57,2093.0,1364000.0,20701005.0,20100830
8.55,8.55,8.72,8.52,8.57,7974.0,4136100.0,62534956.0,20100831
8.66,8.6,8.67,8.53,8.63,5026.0,5339300.0,80904209.0,20100901
8.63,8.67,8.74,8.59,8.63,2759.0,3500000.0,53302076.0,20100902
8.49,8.69,8.71,8.42,8.49,4878.0,3150700.0,47355544.0,20100903
8.6,8.52,8.61,8.52,8.58,1233.0,543300.0,8202842.0,20100906
8.59,8.57,8.61,8.54,8.59,1768.0,1187700.0,17955927.0,20100908
8.59,8.61,8.63,8.55,8.59,3039.0,2364200.0,35747323.0,20100909
8.74,8.62,8.74,8.56,8.74,3649.0,3815000.0,58020546.0,20100910
8.76,8.74,8.84,8.71,8.74,4757.0,3343400.0,51632968.0,20100913
8.8,8.75,8.82,8.71,8.77,4386.0,3862900.0,59533432.0,20100914
8.84,8.77,8.85,8.72,8.83,4198.0,3990600.0,59206156.0,20100915
8.67,8.86,8.86,8.63,8.67,5003.0,3650200.0,53818912.0,20100916
8.67,8.71,8.71,8.57,8.67,6764.0,5552100.0,81090577.0,20100917
8.9,8.72,8.92,8.63,8.9,7954.0,5322900.0,79292687.0,20100920
8.97,8.92,9.01,8.87,8.97,5819.0,5240900.0,79328245.0,20100921
8.96,8.96,9.08,8.88,8.97,7694.0,4488600.0,68038653.0,20100922
8.82,8.92,8.93,8.77,8.81,12901.0,8177900.0,122171487.0,20100923
8.65,8.82,8.84,8.53,8.61,8701.0,5836300.0,86111232.0,20100924
8.63,8.71,8.72,8.54,8.63,6196.0,3475800.0,50641272.0,20100927
8.83,8.65,8.9,8.63,8.83,7058.0,5138000.0,76336561.0,20100928
8.73,8.86,8.92,8.71,8.73,5289.0,4284000.0,63875033.0,20100929
8.67,8.77,8.82,8.61,8.67,7000.0,4239100.0,62473541.0,20100930
8.71,8.75,8.81,8.59,8.71,5687.0,4751800.0,69834242.0,20101001
8.72,8.72,8.77,8.67,8.71,4858.0,2644500.0,39036059.0,20101004
8.97,8.81,9.01,8.77,8.96,6968.0,5076600.0,76775962.0,20101005
8.67,9.01,9.01,8.63,8.71,7745.0,5420100.0,80743302.0,20101006
8.67,8.77,8.77,8.49,8.69,7952.0,6953200.0,101125514.0,20101007
8.92,8.67,8.97,8.67,8.9,5188.0,3837000.0,57620865.0,20101008
8.92,8.92,9.0,8.88,8.92,4139.0,2143000.0,32445260.0,20101011
9.02,8.89,9.07,8.82,8.97,11499.0,7669400.0,116132453.0,20101013
8.92,9.05,9.14,8.89,8.92,11027.0,6188400.0,94661490.0,20101014
8.86,9.01,9.02,8.82,8.86,5592.0,3108700.0,46615174.0,20101015
8.66,8.82,8.87,8.66,8.67,4837.0,4285700.0,63508751.0,20101018
8.52,8.57,8.61,8.48,8.5,6523.0,7048200.0,102128830.0,20101019
8.65,8.57,8.77,8.55,8.71,5139.0,2537100.0,37356454.0,20101020
8.55,8.66,8.74,8.52,8.56,5894.0,3733500.0,54416126.0,20101021
8.37,8.61,8.61,8.32,8.36,5823.0,5440800.0,77245760.0,20101022
8.39,8.45,8.45,8.24,8.41,4446.0,3811800.0,53808509.0,20101025
8.52,8.37,8.52,8.34,8.52,5344.0,4093300.0,58424567.0,20101026
8.71,8.55,8.77,8.49,8.72,4975.0,2488800.0,36401200.0,20101027
8.64,8.6,8.73,8.52,8.62,7966.0,9207900.0,134001975.0,20101028
8.65,8.67,8.76,8.55,8.63,5976.0,5003100.0,73028675.0,20101029
8.74,8.66,8.76,8.61,8.73,4737.0,3078000.0,45248155.0,20101101
8.55,8.74,8.77,8.45,8.54,4332.0,4104500.0,59504730.0,20101103
8.55,8.6,8.66,8.51,8.56,7582.0,3849300.0,55740165.0,20101104
8.42,8.54,8.55,8.37,8.42,6006.0,3400000.0,48531306.0,20101105
8.51,8.43,8.52,8.41,8.52,2548.0,1519300.0,21827648.0,20101108
8.55,8.49,8.6,8.42,8.56,3912.0,4068300.0,58677753.0,20101109
8.74,8.53,8.86,8.47,8.74,6438.0,3674000.0,54184550.0,20101110
8.65,8.69,8.74,8.59,8.67,3377.0,1449800.0,21294811.0,20101111
8.67,8.63,8.74,8.6,8.69,2458.0,1710300.0,25072390.0,20101112
8.74,8.76,8.87,8.61,8.71,6643.0,3820000.0,56487451.0,20101116
8.79,8.71,8.87,8.67,8.77,3398.0,1657900.0,24691649.0,20101117
8.84,8.84,8.92,8.72,8.87,6275.0,3606100.0,53836916.0,20101118
8.77,8.84,8.85,8.72,8.81,3429.0,1480500.0,22025968.0,20101119
8.57,8.73,8.77,8.54,8.57,3407.0,1317100.0,19208875.0,20101122
8.55,8.49,8.61,8.42,8.53,6459.0,2448500.0,35253818.0,20101123
8.67,8.57,8.74,8.55,8.69,3874.0,1765000.0,25872225.0,20101124
8.67,8.71,8.81,8.67,8.67,2558.0,999700.0,14791890.0,20101125
8.52,8.62,8.65,8.49,8.52,2880.0,1785900.0,25911505.0,20101126
8.74,8.47,8.74,8.45,8.74,6675.0,3227000.0,47105571.0,20101129
8.79,8.73,8.87,8.61,8.81,5716.0,4756700.0,70729208.0,20101130
8.86,8.84,8.99,8.82,8.87,3941.0,2302700.0,34744238.0,20101201
8.92,8.86,9.07,8.86,8.92,4733.0,3879500.0,58973754.0,20101202
9.07,8.88,9.15,8.85,9.1,5412.0,3260600.0,49739203.0,20101203
9.01,9.07,9.14,8.88,9,3432.0,1945900.0,29707377.0,20101206
8.87,9.1,9.11,8.86,8.88,3378.0,2748300.0,41682122.0,20101207
8.76,8.81,9.0,8.76,8.77,5702.0,3143700.0,47076633.0,20101208
8.31,8.52,8.62,8.18,8.35,15418.0,12381100.0,175754061.0,20101209
8.27,8.39,8.39,8.24,8.26,10718.0,4225500.0,59227298.0,20101210
8.28,8.32,8.36,8.22,8.28,6178.0,2950500.0,41293732.0,20101213
8.31,8.3,8.32,8.24,8.32,5055.0,1951700.0,27307371.0,20101214
8.23,8.28,8.35,8.2,8.23,5382.0,2829400.0,39667152.0,20101215
8,8.27,8.3,7.98,8.02,3417.0,3484800.0,47864568.0,20101216
8.06,8.01,8.06,7.67,8.05,8215.0,5852400.0,78187071.0,20101217
7.82,8.07,8.07,7.82,7.83,3824.0,2573500.0,34556169.0,20101220
7.97,7.89,8.02,7.85,7.92,2524.0,1162800.0,15632376.0,20101221
7.89,7.94,8.01,7.86,7.89,2369.0,1548000.0,20697738.0,20101222
7.89,7.92,7.92,7.79,7.87,2012.0,1311100.0,17419036.0,20101223
7.77,7.86,7.92,7.76,7.77,2637.0,1857300.0,24490183.0,20101227
7.82,7.82,7.87,7.77,7.82,1348.0,1291300.0,17062326.0,20101228
7.89,7.83,7.92,7.77,7.91,2142.0,2462300.0,32647087.0,20101229
7.98,7.92,8.05,7.87,8.03,2625.0,1845800.0,24927356.0,20101230
8.01,8.06,8.11,7.97,8.01,4470.0,2012900.0,27374558.0,20110103
7.85,8.02,8.03,7.75,7.85,5425.0,3741200.0,49577244.0,20110104
7.8,7.8,7.86,7.77,7.8,2400.0,2749500.0,36406309.0,20110105
7.72,7.82,7.83,7.69,7.72,6631.0,4171900.0,54585736.0,20110106
7.67,7.72,7.75,7.62,7.68,3677.0,4411800.0,57332992.0,20110107
7.75,7.67,7.79,7.67,7.74,2342.0,1721900.0,22549790.0,20110110
7.69,7.79,7.83,7.63,7.67,3705.0,3361900.0,43844567.0,20110111
7.66,7.71,7.72,7.63,7.66,2985.0,3032300.0,39407484.0,20110112
7.58,7.68,7.72,7.53,7.55,4113.0,2775100.0,35740316.0,20110113
7.64,7.58,7.72,7.53,7.63,3272.0,4049900.0,52380638.0,20110114
7.58,7.63,7.67,7.57,7.58,1916.0,1355300.0,17461094.0,20110117
7.67,7.6,7.69,7.55,7.67,4898.0,2262900.0,29194646.0,20110118
7.64,7.68,7.71,7.55,7.62,3268.0,4404300.0,56901048.0,20110119
7.55,7.59,7.72,7.51,7.55,3629.0,4543900.0,58227244.0,20110120
7.34,7.58,7.58,7.34,7.36,4567.0,3751100.0,47282726.0,20110121
7.51,7.38,7.52,7.26,7.49,3254.0,8150600.0,102556378.0,20110124
7.62,7.52,7.72,7.49,7.6,5037.0,5897300.0,76250842.0,20110126
7.62,7.63,7.67,7.49,7.6,2679.0,2008900.0,25753929.0,20110127
7.41,7.62,7.62,7.23,7.39,6771.0,3797700.0,47860688.0,20110128
7.3,7.41,7.41,7.18,7.3,6888.0,3909900.0,48046745.0,20110131
7.23,7.26,7.37,7.19,7.22,4011.0,2587000.0,31847697.0,20110201
6.94,7.19,7.19,6.89,6.92,7515.0,5676600.0,67176794.0,20110202
6.7,6.92,7.09,6.63,6.69,9418.0,8811800.0,100597632.0,20110203
6.89,6.69,6.91,6.51,6.89,6073.0,7438100.0,84437756.0,20110204
7.04,6.93,7.1,6.76,7.04,6160.0,3641800.0,43032147.0,20110207
6.82,7.04,7.19,6.8,6.86,3943.0,3859600.0,45820437.0,20110208
6.56,6.85,6.87,6.51,6.57,5900.0,5216200.0,58680268.0,20110209
6.7,6.62,6.88,6.59,6.74,5183.0,10503400.0,119859224.0,20110210
6.83,6.76,7.13,6.72,6.84,6173.0,4339200.0,50854480.0,20110211
6.86,6.84,6.92,6.7,6.87,5045.0,3936100.0,45749064.0,20110214
6.89,6.87,6.96,6.79,6.87,2768.0,2076700.0,24165796.0,20110215
7.11,6.93,7.15,6.91,7.09,5292.0,4870400.0,58373365.0,20110216
7.56,7.11,7.69,7.09,7.56,12267.0,10962200.0,139132283.0,20110217
7.8,7.55,7.92,7.53,7.82,7487.0,5874000.0,77635068.0,20110218
7.77,7.77,7.83,7.72,7.77,4542.0,2829500.0,37221464.0,20110221
7.89,7.72,8.11,7.57,7.87,7428.0,6979600.0,93177452.0,20110222
7.92,7.87,8.09,7.8,7.92,5481.0,4258600.0,57495923.0,20110223
8.07,7.89,8.08,7.83,8.05,4421.0,3035500.0,41200739.0,20110224
7.87,8.07,8.07,7.8,7.89,7684.0,3873000.0,51782383.0,20110225
7.71,7.87,7.97,7.58,7.72,4800.0,3277200.0,42853315.0,20110228
7.47,7.77,7.82,7.47,7.49,5687.0,2569500.0,33177994.0,20110301
7.72,7.55,7.77,7.47,7.71,3192.0,1983100.0,25687710.0,20110302
7.87,7.74,7.89,7.67,7.84,2993.0,1877800.0,24757790.0,20110303
7.89,7.83,7.89,7.77,7.89,2714.0,1311100.0,17366696.0,20110304
8.18,7.92,8.22,7.89,8.16,4234.0,2556100.0,35100727.0,20110309
8.26,8.14,8.37,8.1,8.24,7419.0,4641500.0,65110851.0,20110310
8.35,8.24,8.49,8.19,8.31,6499.0,4061900.0,57426902.0,20110311
8.92,8.71,9.0,8.59,8.92,4618.0,3012800.0,43227266.0,20110314
8.52,8.34,8.59,8.18,8.53,6760.0,5268600.0,72049801.0,20110315
8.15,8.55,8.57,8.15,8.16,5065.0,3892400.0,52516818.0,20110316
8.25,8.26,8.36,8.18,8.26,2682.0,1719700.0,23069384.0,20110317
8.37,8.32,8.54,8.3,8.37,4628.0,3453200.0,47220284.0,20110318
8.28,8.42,8.52,8.19,8.26,2699.0,1930600.0,26291491.0,20110321
8.52,8.24,8.6,8.24,8.52,3687.0,2725700.0,37445546.0,20110322
8.42,8.47,8.52,8.37,8.42,3725.0,2628800.0,35966615.0,20110323
8.57,8.45,8.6,8.42,8.55,3446.0,2571400.0,35388113.0,20110324
8.63,8.55,8.72,8.38,8.63,3671.0,2554800.0,35715699.0,20110325
8.45,8.61,8.66,8.43,8.47,2498.0,2145800.0,29768519.0,20110328
8.3,8.49,8.61,8.24,8.29,5296.0,1888500.0,25706844.0,20110329
8.52,8.32,8.52,8.32,8.48,3222.0,2690400.0,36640706.0,20110330
8.52,8.44,8.63,8.42,8.52,4049.0,2496800.0,34613627.0,20110331
8.83,8.52,8.86,8.52,8.82,7406.0,3889600.0,55377350.0,20110401
8.97,8.86,9.08,8.86,8.95,5100.0,4449700.0,64796669.0,20110404
8.82,8.93,9.07,8.81,8.83,3945.0,3167800.0,46178615.0,20110405
8.48,8.87,8.89,8.37,8.42,5796.0,4709700.0,64945926.0,20110406
8.63,8.45,8.69,8.42,8.6,4917.0,4025500.0,55931503.0,20110407
8.52,8.59,8.71,8.39,8.52,3160.0,2551300.0,35241169.0,20110408
8.48,8.55,8.66,8.42,8.47,4723.0,2789500.0,38755172.0,20110411
8.47,8.43,8.55,8.35,8.42,4369.0,2771400.0,37972424.0,20110412
8.43,8.49,8.54,8.4,8.42,5278.0,2298700.0,31469284.0,20110413
8.4,8.43,8.6,8.37,8.39,3694.0,2428600.0,33260372.0,20110414
8.43,8.43,8.47,8.37,8.42,3557.0,2055600.0,28011563.0,20110415
8.52,8.43,8.57,8.18,8.47,3562.0,2273300.0,31134165.0,20110418
8.52,8.52,8.77,8.41,8.55,6170.0,3037400.0,42440274.0,20110419
8.43,8.67,8.69,8.34,8.43,6071.0,2736900.0,37681917.0,20110420
8.37,8.4,8.51,8.32,8.38,4468.0,2567100.0,34921619.0,20110425
8.55,8.38,8.59,8.37,8.54,3808.0,3332100.0,46048047.0,20110426
8.61,8.55,8.62,8.5,8.6,2785.0,1887100.0,26165327.0,20110427
9.04,8.5,9.18,8.49,9.04,10270.0,8574000.0,124167435.0,20110428
8.97,9.07,9.47,8.95,8.95,8695.0,7986400.0,118951249.0,20110429
9.16,9.22,9.41,9.04,9.14,7881.0,6289100.0,78706465.0,20110502
8.92,9.17,9.17,8.83,8.97,5525.0,4308000.0,52100337.0,20110503
8.95,8.97,9.17,8.87,8.97,5836.0,4345700.0,52949225.0,20110504
9.76,9.63,9.95,9.5,9.75,16252.0,13708200.0,178991254.0,20110505
10.14,9.95,10.24,9.79,10.15,7589.0,4347400.0,58986592.0,20110506
10.06,10.12,10.22,9.86,10.08,5460.0,4211500.0,56876518.0,20110509
9.86,10.03,10.15,9.79,9.85,3630.0,3269600.0,43952640.0,20110510
9.72,9.8,9.97,9.67,9.73,4590.0,3425600.0,45153117.0,20110511
9.7,9.71,9.88,9.62,9.7,6524.0,4677700.0,61437272.0,20110512
9.55,9.74,9.74,9.5,9.52,6011.0,3382900.0,43622798.0,20110513
9.47,9.52,9.62,9.42,9.5,3449.0,3212900.0,41336190.0,20110516
9.7,9.52,9.73,9.44,9.73,7426.0,3127500.0,40544545.0,20110517
9.5,9.68,9.8,9.47,9.52,5683.0,2780600.0,36246130.0,20110518
9.42,9.6,9.74,9.42,9.46,5044.0,2972900.0,38321645.0,20110519
9.32,9.46,9.55,9.23,9.25,5778.0,3032500.0,38504283.0,20110520
9.32,9.22,9.35,9.22,9.29,5167.0,3191800.0,40097345.0,20110523
9.72,9.41,9.72,9.38,9.71,7652.0,3813600.0,49295929.0,20110524
9.82,9.7,9.92,9.62,9.82,11312.0,4035900.0,53399150.0,20110525
9.72,9.94,9.97,9.48,9.71,8778.0,4696100.0,61909771.0,20110526
9.7,9.72,9.82,9.53,9.67,5225.0,3750500.0,48866844.0,20110527
9.62,9.67,9.67,9.54,9.63,897.0,270800.0,10523184.0,20110530
9.72,9.63,9.82,9.61,9.63,5241.0,1548600.0,60855117.0,20110531
9.82,9.67,9.92,9.67,9.82,3864.0,1337900.0,52977886.0,20110601
9.87,9.76,9.98,9.76,9.87,3405.0,1340500.0,53615492.0,20110602
9.87,9.85,9.99,9.77,9.92,2463.0,680500.0,27313075.0,20110603
9.79,9.93,9.93,9.72,9.85,2615.0,650000.0,25803949.0,20110606
9.67,9.88,9.95,9.66,9.74,3087.0,974500.0,38847607.0,20110607
9.66,9.7,9.76,9.62,9.66,2470.0,736500.0,28892444.0,20110608
9.84,9.68,9.85,9.59,9.84,1947.0,893100.0,35314466.0,20110609
9.8,9.82,9.86,9.75,9.76,2633.0,1220300.0,48478426.0,20110610
9.77,9.83,9.92,9.7,9.8,3071.0,858300.0,34088208.0,20110613
9.82,9.8,9.85,9.7,9.8,1888.0,1198200.0,47305649.0,20110614
9.77,9.67,9.85,9.67,9.73,4999.0,1704400.0,67444318.0,20110615
9.52,9.77,9.82,9.48,9.54,2991.0,1574600.0,61352671.0,20110616
9.39,9.49,9.59,9.27,9.42,2905.0,2002500.0,76199402.0,20110617
9.4,9.3,9.47,9.3,9.42,3350.0,1011000.0,38528934.0,20110620
9.43,9.42,9.47,9.4,9.44,2711.0,1389100.0,52986494.0,20110621
9.41,9.43,9.58,9.39,9.41,4233.0,1203900.0,46238431.0,20110622
9.5,9.55,9.55,9.41,9.5,4374.0,1346200.0,51728563.0,20110624
9.42,9.52,9.55,9.37,9.39,2803.0,810700.0,31018256.0,20110627
9.35,9.42,9.42,9.3,9.39,3106.0,760000.0,28745011.0,20110628
9.48,9.4,9.48,9.23,9.47,2905.0,1121900.0,42597128.0,20110629
9.58,9.52,9.63,9.43,9.58,3111.0,932900.0,36127567.0,20110630
9.75,9.62,9.83,9.52,9.75,3293.0,978000.0,38523748.0,20110701
9.71,9.67,9.77,9.52,9.67,1724.0,585500.0,22806740.0,20110704
9.57,9.7,9.73,9.45,9.52,2968.0,951500.0,36746844.0,20110705
9.61,9.52,9.68,9.52,9.62,1633.0,499300.0,19436122.0,20110706
9.71,9.72,9.82,9.57,9.66,2899.0,781600.0,30644513.0,20110707
9.79,9.53,9.8,9.5,9.76,3763.0,1254500.0,49174319.0,20110708
9.73,9.67,9.78,9.57,9.73,2932.0,1121200.0,43803376.0,20110711
9.73,9.63,9.8,9.61,9.7,2351.0,790600.0,31132025.0,20110712
9.99,9.73,10.03,9.73,9.99,3504.0,1802600.0,72657466.0,20110713
9.94,9.98,10.02,9.85,9.94,4027.0,1002400.0,40404279.0,20110714
9.85,9.97,10.02,9.81,9.85,1767.0,593500.0,23758943.0,20110715
10.02,9.85,10.06,9.78,10.02,5623.0,1207800.0,48555873.0,20110718
10.02,9.95,10.1,9.9,10.02,5672.0,1455800.0,58929473.0,20110719
10.01,10.07,10.11,9.89,9.96,6415.0,1544800.0,62753026.0,20110720
10.17,10.06,10.25,10.06,10.17,5486.0,1592000.0,65521748.0,20110721
10.08,10.11,10.14,10.02,10.05,5146.0,1288000.0,52535762.0,20110722
10.17,10.03,10.17,9.93,10.12,3526.0,743500.0,30400093.0,20110725
10.52,10.12,10.67,10.12,10.51,7527.0,1925100.0,81109288.0,20110726
10.17,10.42,10.5,10.13,10.17,6425.0,2151800.0,89255521.0,20110727
10.41,10.25,10.7,10.25,10.41,7121.0,2152800.0,91197562.0,20110728
10.67,10.27,10.74,10.27,10.66,4098.0,1248300.0,53693796.0,20110729
10.63,10.62,10.82,10.47,10.62,3497.0,1009800.0,43613033.0,20110801
10.7,10.61,10.89,10.61,10.72,5682.0,1567300.0,68570420.0,20110802
10.77,10.64,10.98,10.61,10.82,6342.0,2029000.0,88913606.0,20110803
10.57,10.69,10.8,10.39,10.55,6994.0,2667400.0,114471264.0,20110804
10.53,10.52,10.66,10.27,10.52,6098.0,2480900.0,105682421.0,20110805
10.02,10.28,10.37,9.97,10.12,9528.0,4905800.0,201660652.0,20110808
10.17,10.14,10.24,9.96,10.18,7772.0,3399300.0,138991342.0,20110809
10.02,10.04,10.13,9.78,10.02,6663.0,2795400.0,113142218.0,20110810
9.98,10.03,10.12,9.92,9.98,6893.0,2800800.0,113517273.0,20110811
9.94,9.98,10.09,9.78,9.97,6073.0,2629500.0,105801414.0,20110812
9.83,9.92,10.08,9.82,9.85,4527.0,1367300.0,54772824.0,20110815
9.65,9.83,9.97,9.63,9.67,8237.0,2555100.0,100684927.0,20110816
9.7,9.74,9.74,9.59,9.7,9395.0,2473200.0,96749372.0,20110817
9.66,9.63,9.72,9.42,9.65,7188.0,2222500.0,86053319.0,20110818
9.68,9.58,9.73,9.49,9.65,3734.0,1838200.0,71837257.0,20110819
9.64,9.67,9.72,9.54,9.65,4725.0,958400.0,37325064.0,20110822
9.63,9.63,9.7,9.55,9.62,4504.0,1205500.0,47066744.0,20110823
9.62,9.67,9.69,9.52,9.61,4849.0,1304500.0,50766230.0,20110824
9.69,9.52,9.71,9.45,9.69,5876.0,1775000.0,69084535.0,20110825
9.94,9.69,9.97,9.59,9.94,7175.0,1568300.0,62506169.0,20110826
9.97,9.94,10.04,9.92,9.97,6996.0,1717300.0,69403214.0,20110829
10.02,9.96,10.04,9.81,10.02,4561.0,1848200.0,74562124.0,20110830
10.17,10.02,10.24,9.95,10.17,5896.0,2501200.0,101784556.0,20110831
10.36,10.26,10.42,10.14,10.4,7815.0,2390800.0,100033262.0,20110901
10.39,10.3,10.55,10.22,10.39,6707.0,2728100.0,115045685.0,20110902
10.37,10.26,10.45,10.17,10.42,3183.0,1084700.0,45364236.0,20110905
10.37,10.32,10.4,10.27,10.37,4767.0,1774000.0,74231829.0,20110906
10.6,10.44,10.75,10.31,10.6,7606.0,2770500.0,117269447.0,20110908
10.56,10.47,10.6,10.42,10.53,4798.0,1474000.0,62699508.0,20110909
10.57,10.55,10.66,10.31,10.57,6720.0,1698700.0,71786521.0,20110912
10.56,10.54,10.82,10.42,10.66,6377.0,2689800.0,116681106.0,20110913
10.79,10.7,10.84,10.57,10.77,6361.0,1627300.0,70747293.0,20110914
10.97,10.77,11.0,10.77,10.92,3415.0,1016200.0,44984985.0,20110915
11.02,11.05,11.13,10.99,11.05,4052.0,1354900.0,59317155.0,20110916
11.05,10.88,11.24,10.86,11.16,5948.0,1706400.0,74538541.0,20110919
11.13,10.99,11.34,10.92,11.12,6551.0,2156200.0,95543832.0,20110920
11.12,11.15,11.34,11.09,11.16,6876.0,1882900.0,83453384.0,20110921
10.96,10.86,10.97,10.62,10.92,7772.0,2346300.0,100035197.0,20110922
10.7,10.87,10.9,10.62,10.64,6065.0,1686000.0,71279919.0,20110923
10.77,10.65,10.77,10.51,10.72,5322.0,1173800.0,49288471.0,20110926
10.72,10.82,10.92,10.62,10.71,5655.0,1025200.0,43555305.0,20110927
10.67,10.73,10.85,10.62,10.66,4312.0,1264400.0,53671789.0,20110928
10.64,10.72,10.84,10.6,10.67,4301.0,1042600.0,44032411.0,20110929
10.56,10.62,10.73,10.32,10.55,5692.0,2115000.0,88202394.0,20110930
10.53,10.47,10.76,10.47,10.55,4664.0,1191900.0,49811561.0,20111003
10.48,10.6,10.66,10.29,10.47,6918.0,1739600.0,72293464.0,20111004
10.64,10.37,10.69,10.37,10.63,6408.0,1560200.0,65343934.0,20111005
10.93,10.72,11.07,10.69,10.89,7301.0,2132900.0,92036609.0,20111006
10.85,11.08,11.09,10.84,10.9,7836.0,2235900.0,96967621.0,20111007
11.32,11.09,11.32,10.97,11.3,8964.0,3276900.0,145395818.0,20111010
11.25,11.25,11.37,11.16,11.25,4571.0,1033700.0,45908390.0,20111011
11.06,11.43,11.64,10.94,11.06,8580.0,2493600.0,109591564.0,20111013
11.22,11.2,11.29,11.03,11.21,7086.0,1947100.0,86247374.0,20111014
11.27,11.09,11.31,10.92,11.17,4897.0,1200700.0,53165990.0,20111017
11.41,11.31,11.48,11.22,11.41,4575.0,963500.0,43308076.0,20111018
11.45,11.41,11.48,11.32,11.41,4728.0,1380300.0,62318182.0,20111019
11.41,11.37,11.53,11.23,11.41,6253.0,1633400.0,73618212.0,20111020
11.43,11.43,11.57,11.32,11.41,4219.0,1169200.0,52924888.0,20111021
11.51,11.48,11.71,11.42,11.52,4047.0,1257700.0,57435609.0,20111024
11.64,11.44,11.66,11.38,11.64,3090.0,844700.0,38452025.0,20111025
11.64,11.69,11.84,11.55,11.69,4984.0,1097700.0,50807141.0,20111026
11.54,11.89,11.95,11.52,11.53,5674.0,1731300.0,80253024.0,20111027
11.54,11.55,11.58,11.37,11.58,3533.0,991800.0,44932701.0,20111028
11.5,11.55,11.7,11.23,11.57,5298.0,1377300.0,62469651.0,20111031
11.62,11.27,11.77,11.19,11.73,5192.0,1559200.0,71691025.0,20111101
11.79,11.77,11.92,11.57,11.84,4739.0,1349800.0,62787958.0,20111103
11.92,11.85,11.99,11.73,11.93,3770.0,935200.0,43981174.0,20111104
11.89,11.97,12.12,11.84,11.88,3051.0,653100.0,30912479.0,20111107
11.96,11.92,11.99,11.82,11.95,3031.0,980500.0,46172162.0,20111108
11.89,11.8,11.95,11.79,11.94,4591.0,909300.0,42549154.0,20111109
12,12.01,12.13,11.86,12.02,3814.0,936000.0,44539667.0,20111110
12.16,12.13,12.27,12.03,12.12,3447.0,975300.0,46896306.0,20111111
12.27,12.12,12.27,11.91,12.27,3238.0,1072900.0,51475431.0,20111114
12.32,12.27,12.65,12.06,12.33,10706.0,2896200.0,141480562.0,20111116
11.94,12.32,12.37,11.87,11.92,6034.0,1919900.0,91064366.0,20111117
11.67,11.95,11.99,11.54,11.67,4824.0,1704500.0,78885811.0,20111118
11.55,11.57,11.66,11.42,11.53,6181.0,1697300.0,77483661.0,20111121
11.5,11.48,11.72,11.37,11.52,4233.0,1115700.0,50600348.0,20111122
11.68,11.47,11.83,11.47,11.67,5136.0,1402900.0,64803909.0,20111123
11.74,11.76,11.9,11.59,11.74,2649.0,869200.0,40475612.0,20111124
11.76,11.72,11.93,11.56,11.77,3824.0,1293700.0,60099918.0,20111125
11.82,11.89,11.99,11.79,11.82,3894.0,1183300.0,55481637.0,20111128
11.87,11.82,11.97,11.81,11.89,6098.0,1500600.0,70514593.0,20111129
12.22,12.1,12.22,11.92,12.2,9078.0,2803400.0,134586417.0,20111130
12.4,12.27,12.43,12.27,12.29,5922.0,1615200.0,78882296.0,20111201
11.87,12.44,12.51,11.53,11.87,8784.0,3107000.0,147058203.0,20111202
11.81,12.02,12.02,11.68,11.8,5714.0,1503300.0,70235012.0,20111205
11.89,11.84,11.99,11.72,11.89,4679.0,1401100.0,65965501.0,20111206
11.97,11.93,11.97,11.79,11.97,4907.0,993800.0,46627664.0,20111207
11.84,11.97,11.97,11.66,11.85,5778.0,1448900.0,67880218.0,20111208
11.96,11.89,12.02,11.82,11.96,4163.0,1204600.0,56739094.0,20111209
11.84,11.95,12.02,11.8,11.85,6393.0,1815300.0,85414504.0,20111212
11.89,11.96,12.0,11.82,11.89,5440.0,1676400.0,78780410.0,20111213
11.77,11.95,11.95,11.75,11.76,10328.0,2673000.0,124844017.0,20111214
11.81,11.73,11.93,11.68,11.87,7587.0,1865600.0,87338760.0,20111215
11.86,11.89,11.92,11.76,11.87,5522.0,1733400.0,81196865.0,20111216
11.98,11.92,12.12,11.86,11.89,7493.0,1742300.0,82920713.0,20111219
12.03,12.11,12.19,12.03,12.04,6359.0,1883200.0,90042864.0,20111220
11.99,12.03,12.11,11.8,11.99,6518.0,2029500.0,95746364.0,20111221
12.15,11.95,12.2,11.95,12.14,5079.0,1173600.0,56105485.0,20111222
11.98,12.14,12.22,11.82,11.98,4568.0,1106400.0,52798295.0,20111223
12.02,12.02,12.13,11.94,12.02,986.0,200800.0,9544812.0,20111226
12.07,12.07,12.12,11.97,12.07,2984.0,784800.0,37418825.0,20111227
12.1,12.11,12.19,12.02,12.07,6185.0,1250200.0,59905191.0,20111228
12.19,12.18,12.31,12.07,12.19,5060.0,1336900.0,64425784.0,20111229
12.25,12.25,12.44,12.19,12.28,4469.0,1252000.0,60923450.0,20120102
12.27,12.29,12.42,12.16,12.29,5347.0,1070500.0,52011025.0,20120103
12.33,12.27,12.44,12.12,12.32,5454.0,1231200.0,60012118.0,20120104
12.11,12.2,12.22,12.02,12.14,5634.0,1478700.0,70818120.0,20120105
12.07,12.16,12.25,12.02,12.06,4795.0,1145400.0,54893016.0,20120106
12.12,12.15,12.16,12.0,12.11,5602.0,1108300.0,52906955.0,20120109
12.16,12.19,12.27,12.12,12.18,10237.0,2153200.0,103712442.0,20120110
12.37,12.17,12.37,12.17,12.34,4830.0,916100.0,44428729.0,20120111
12.29,12.35,12.42,12.29,12.29,5376.0,1309700.0,63878135.0,20120112
12.3,12.29,12.41,12.25,12.34,5972.0,1277900.0,62116700.0,20120113
12.49,12.37,12.59,12.28,12.48,2966.0,871200.0,43091349.0,20120116
12.69,12.61,12.69,12.51,12.68,4795.0,1344800.0,67189680.0,20120117
12.79,12.65,12.94,12.42,12.79,6627.0,1464100.0,74331467.0,20120118
12.98,12.89,13.03,12.81,12.98,7107.0,1633000.0,83805290.0,20120119
13.05,13.01,13.16,12.94,13.06,4123.0,1053800.0,54500663.0,20120120
13.04,13.07,13.1,12.84,13.02,5710.0,1262200.0,64692713.0,20120123
13.01,13.02,13.12,12.72,13.02,4665.0,1121400.0,57339262.0,20120124
12.91,13.02,13.12,12.78,12.91,7762.0,1579000.0,80731715.0,20120126
12.95,12.93,13.02,12.91,12.95,4336.0,1356700.0,69464335.0,20120127
13.12,12.91,13.12,12.85,13.12,8022.0,1715700.0,88677378.0,20120130
13.17,13.14,13.19,12.92,13.17,8970.0,2615900.0,135347444.0,20120131
13.37,13.16,13.38,13.09,13.28,6232.0,2353800.0,123288559.0,20120201
13.66,13.65,13.8,13.43,13.67,12182.0,5156900.0,277717568.0,20120202
13.91,13.62,13.97,13.62,13.92,6559.0,1776000.0,97521057.0,20120203
13.66,13.83,13.98,13.48,13.66,4321.0,1212300.0,65620926.0,20120206
14.23,14.67,14.72,14.05,14.25,20336.0,11090400.0,629340085.0,20120207
14.11,14.23,14.63,14.04,14.11,11394.0,2703900.0,152088736.0,20120208
14.12,14.25,14.33,14.09,14.14,12144.0,3104300.0,174269410.0,20120209
13.93,14.12,14.15,13.78,13.92,6251.0,1746500.0,96145209.0,20120210
13.92,14,14.11,13.9,13.92,4676.0,983400.0,54284987.0,20120213
14.1,13.91,14.15,13.69,14.1,6183.0,2085400.0,114891635.0,20120214
14.29,14.22,14.33,14.07,14.27,6592.0,1957400.0,109997884.0,20120215
15.11,14.27,15.21,14.17,15.11,7684.0,3122700.0,182755498.0,20120216
14.87,15.27,15.27,14.7,14.87,6604.0,2899500.0,170661755.0,20120217
14.62,14.84,14.96,14.53,14.66,6848.0,1600600.0,92545490.0,20120222
14.92,14.67,14.96,14.58,14.87,8133.0,2623800.0,154049816.0,20120223
15.18,14.85,15.23,14.85,15.19,7927.0,2144200.0,128453937.0,20120224
15.15,15.18,15.24,14.97,15.13,3809.0,1375700.0,82300637.0,20120227
15.36,15.15,15.49,15.15,15.27,9225.0,2056000.0,124592306.0,20120228
15.58,15.36,15.62,15.06,15.56,4682.0,1425600.0,86828037.0,20120229
15.9,15.58,15.9,15.57,15.86,5756.0,1994900.0,124479607.0,20120301
15.98,15.79,15.99,15.72,15.93,5100.0,1550900.0,97438408.0,20120302
16.19,15.92,16.19,15.75,16.19,4898.0,1371400.0,86828410.0,20120305
15.97,16.12,16.23,15.93,15.97,3700.0,914600.0,58147970.0,20120306
15.71,16.05,16.3,15.6,15.69,8653.0,2900000.0,181558062.0,20120307
15.63,16.01,16.04,15.58,15.63,4921.0,1226100.0,76698597.0,20120308
15.62,15.67,15.68,15.46,15.63,3490.0,945700.0,58332363.0,20120309
15.54,15.51,15.91,15.5,15.54,2783.0,933300.0,57495169.0,20120312
15.5,15.54,15.63,15.34,15.54,6414.0,1636900.0,100162380.0,20120313
15.57,15.5,15.68,15.32,15.55,4657.0,2469700.0,151071510.0,20120314
15.34,15.43,15.52,15.21,15.33,4705.0,1103200.0,66822108.0,20120315
15.37,15.49,15.65,15.33,15.33,4138.0,1222500.0,73333339.0,20120316
15.42,15.41,15.52,15.38,15.41,2625.0,884800.0,52993495.0,20120319
15.47,15.39,15.49,15.33,15.47,2909.0,633600.0,37939330.0,20120320
15.23,15.47,15.47,15.2,15.24,2660.0,615800.0,36467133.0,20120321
15.27,15.27,15.36,15.18,15.27,3846.0,1059400.0,62604477.0,20120322
15.2,15.3,15.32,15.17,15.29,2531.0,1282900.0,75857027.0,20120323
15.58,15.32,15.64,15.2,15.59,3437.0,933300.0,55774271.0,20120326
15.62,15.69,15.75,15.6,15.66,3089.0,772600.0,46951788.0,20120327
15.77,15.72,15.87,15.62,15.77,2468.0,1224000.0,74635780.0,20120328
15.75,15.8,15.86,15.62,15.75,2903.0,1355600.0,82641285.0,20120329
15.97,15.75,15.98,15.7,15.97,4668.0,1662700.0,102170775.0,20120330
16.44,15.97,16.51,15.9,16.44,4630.0,1589300.0,100574750.0,20120402
16.42,16.44,16.52,16.12,16.3,3452.0,839000.0,53050304.0,20120403
16.62,16.32,16.65,16.23,16.65,3188.0,1150300.0,73372500.0,20120404
16.82,16.47,17.14,16.42,16.79,5230.0,1583600.0,103576497.0,20120405
16.52,16.51,16.67,16.28,16.52,2208.0,671700.0,42909937.0,20120409
16.65,16.45,16.75,16.36,16.62,3013.0,701700.0,45097002.0,20120410
16.64,16.65,16.72,16.46,16.62,4915.0,1064900.0,68527179.0,20120411
16.79,16.82,17.07,16.72,16.84,5118.0,1621100.0,105927304.0,20120412
16.68,16.67,16.87,16.56,16.75,3357.0,1386500.0,89790445.0,20120413
15.96,16.77,16.77,15.7,15.98,6818.0,1988300.0,124165294.0,20120416
15.91,15.75,16.2,15.52,15.9,6821.0,2326200.0,142055710.0,20120417
15.62,16.13,16.23,15.6,15.65,6985.0,2241900.0,138060041.0,20120418
15.75,15.7,15.88,15.37,15.72,4204.0,1211700.0,73187351.0,20120419
15.37,15.88,15.88,15.28,15.42,4276.0,1772200.0,106143725.0,20120420
16,15.28,16.12,14.83,15.99,6416.0,1927200.0,95612755.0,20120423
15.95,15.98,16.22,15.87,15.96,3211.0,826900.0,42630549.0,20120424
16.1,16.15,16.36,16.02,16.1,4568.0,1408400.0,73359798.0,20120425
17.25,16.67,17.26,16.52,17.25,10963.0,4070400.0,221203587.0,20120426
17.29,17.35,17.48,17.02,17.25,6158.0,2011200.0,111631975.0,20120427
17.79,17.23,17.88,16.87,17.79,6572.0,2784000.0,158670579.0,20120430
18.09,17.82,18.45,17.73,18.09,8885.0,5213200.0,303443060.0,20120502
17.79,18.1,18.22,17.54,17.79,6702.0,1789400.0,102946872.0,20120503
17.54,17.67,18.04,17.51,17.54,8926.0,2708300.0,155015703.0,20120504
17.57,17.37,17.7,17.3,17.56,4867.0,1671500.0,94190000.0,20120507
17.51,17.52,17.57,17.3,17.51,3514.0,1064600.0,59844259.0,20120508
18.07,17.38,18.13,17.35,18.08,6234.0,1473800.0,85187233.0,20120509
18.47,18.07,18.47,18.07,18.47,6394.0,1820200.0,107415985.0,20120510
18.67,18.37,18.72,18.32,18.72,6568.0,1663300.0,99238376.0,20120511
18.22,18.48,18.72,18.01,18.24,6560.0,1468200.0,86653865.0,20120514
18.1,18.19,18.4,17.91,18.12,6206.0,1624700.0,95006162.0,20120515
17.76,18.16,18.39,17.52,17.76,9442.0,2316300.0,132486690.0,20120516
17.52,17.82,17.95,17.45,17.54,6193.0,1340300.0,75974258.0,20120517
17.17,17.52,17.96,16.57,17.17,11400.0,3731900.0,209651180.0,20120518
16.73,16.89,17.19,16.6,16.76,8946.0,2159300.0,116877856.0,20120521
16.51,16.79,17.0,16.13,16.51,9906.0,2395800.0,128065186.0,20120522
16.23,16.57,16.67,15.76,16.18,7692.0,2334000.0,120880283.0,20120523
15.86,15.88,16.03,15.66,15.82,10347.0,3071300.0,156596659.0,20120524
16.26,15.87,16.3,15.69,16.2,7044.0,2469900.0,127752195.0,20120525
16.72,16.4,16.87,16.33,16.72,3635.0,932500.0,50335243.0,20120528
16.51,16.82,16.94,16.47,16.49,4951.0,1746500.0,94220599.0,20120529
16.38,16.34,16.57,16.12,16.37,9311.0,2022400.0,106420704.0,20120530
16.81,16.55,17.15,16.05,16.79,7433.0,2586600.0,138730493.0,20120531
17.01,16.7,17.33,16.49,16.8,8320.0,1978300.0,108357735.0,20120601
16.87,16.83,17.17,16.8,16.88,5340.0,1433200.0,78387216.0,20120604
17.2,17.02,17.28,16.97,17.2,4652.0,1326500.0,73487396.0,20120605
17.67,17.3,17.67,17.19,17.67,5624.0,1241300.0,70058582.0,20120606
17.54,17.74,18.12,17.15,17.48,10416.0,2148600.0,120373178.0,20120608
17.47,17.63,17.83,17.22,17.46,6548.0,1269300.0,71629185.0,20120611
17.87,17.57,17.87,17.27,17.83,5348.0,1379800.0,78434875.0,20120612
17.52,17.83,17.83,17.32,17.52,9687.0,2124200.0,120691086.0,20120613
17.35,17.34,17.58,17.34,17.35,7886.0,2831000.0,159147119.0,20120614
16.96,17.46,17.53,16.06,16.97,7992.0,4726500.0,258102805.0,20120615
17.46,16.97,17.49,16.92,17.37,11331.0,2783100.0,154895784.0,20120618
17.87,17.45,17.97,17.33,17.87,6158.0,2252500.0,129176506.0,20120619
17.87,17.97,17.97,17.57,17.88,6573.0,2014400.0,115539462.0,20120620
17.47,17.9,17.9,17.42,17.52,5025.0,1549700.0,87769074.0,20120621
17.42,17.54,17.66,17.15,17.27,3592.0,1005000.0,56105842.0,20120622
17.72,17.33,17.82,17.14,17.72,2178.0,717700.0,40679230.0,20120625
18.21,17.79,18.28,17.72,18.18,8804.0,2073500.0,120957564.0,20120626
18.17,18.18,18.42,18.06,18.19,6183.0,1069800.0,63165210.0,20120627
18.32,18.25,18.47,17.98,18.34,4427.0,1210300.0,71483667.0,20120628
18.3,18.48,18.74,18.01,18.22,8887.0,1907100.0,112498067.0,20120629
18.18,18.28,18.28,17.88,18.19,5125.0,1288400.0,75368737.0,20120702
18.28,18.21,18.32,17.81,18.27,7756.0,1974500.0,114935128.0,20120703
18.34,18.19,18.53,18.19,18.35,2427.0,438000.0,25986197.0,20120704
18.56,18.47,18.8,18.31,18.67,5590.0,2129700.0,128362979.0,20120705
18.59,18.5,18.76,18.17,18.59,5855.0,1672200.0,99646546.0,20120706
18.42,18.63,18.78,18.42,18.55,8839.0,1442700.0,86453448.0,20120710
18.58,18.54,18.67,18.36,18.57,6615.0,1526600.0,91380742.0,20120711
18.61,18.47,18.69,18.28,18.62,5110.0,1100900.0,65833752.0,20120712
18.68,18.63,18.85,18.54,18.68,3975.0,1041300.0,62882207.0,20120713
19.03,18.76,19.13,18.76,19.02,6274.0,1707600.0,104495187.0,20120716
19.25,19.12,19.36,19.03,19.25,5370.0,1434100.0,89094786.0,20120717
19.17,19.22,19.32,19.1,19.17,4007.0,1093300.0,67814693.0,20120718
19.44,19.27,19.58,19.24,19.42,5229.0,1820600.0,114165497.0,20120719
19.72,19.32,19.87,19.31,19.68,6801.0,1593100.0,101225518.0,20120720
19.13,19.52,19.65,19.07,19.16,5139.0,1134800.0,70386839.0,20120723
19.38,19.3,19.45,18.9,19.37,4686.0,995900.0,61556048.0,20120724
19.47,19.48,19.52,19.17,19.52,3870.0,1011400.0,63203780.0,20120725
18.91,19.68,19.68,18.49,18.93,10200.0,3071200.0,186872716.0,20120726
19.28,18.87,19.34,18.69,19.28,9307.0,2189800.0,134703921.0,20120727
19.18,19.22,19.27,18.97,19.02,5475.0,800200.0,49361573.0,20120730
18.45,19.21,19.42,18.44,18.47,8662.0,2163200.0,131019648.0,20120731
18.61,18.45,18.76,18.29,18.66,10989.0,2456700.0,146923613.0,20120801
18.72,18.6,19.17,18.57,18.78,10183.0,2248600.0,136672842.0,20120802
19.17,18.99,19.36,18.99,19.16,6592.0,1507500.0,93400214.0,20120803
19,19.21,19.34,18.96,19.03,5110.0,1182200.0,73005891.0,20120806
18.92,19.12,19.18,18.78,18.86,4132.0,875300.0,53490393.0,20120807
19.27,18.83,19.27,18.77,19.22,4099.0,1354400.0,83570434.0,20120808
19.15,19.22,19.79,18.92,19.15,6746.0,1692300.0,105421543.0,20120809
18.94,19.03,19.22,18.78,18.97,7223.0,2054000.0,125439895.0,20120810
18.72,18.89,18.9,18.48,18.67,4732.0,1008000.0,60642786.0,20120813
18.56,18.62,18.95,18.56,18.64,6536.0,1414400.0,85837207.0,20120814
18.7,18.7,18.83,18.5,18.69,5672.0,1798700.0,108128104.0,20120815
18.78,18.78,18.87,18.59,18.8,4524.0,953200.0,57708233.0,20120816
18.62,18.81,18.89,18.47,18.59,3209.0,759900.0,45583557.0,20120817
18.58,18.53,18.76,18.29,18.58,2888.0,716000.0,42818096.0,20120820
17.94,18.59,18.63,17.87,17.92,8361.0,2551100.0,149997917.0,20120821
18.13,17.94,18.27,17.67,18.07,5694.0,1492000.0,86158217.0,20120822
18.21,18.01,18.27,17.88,18.19,5129.0,1534000.0,89879236.0,20120823
18.1,18.14,18.28,17.83,18.1,7307.0,2300300.0,134760554.0,20120824
18.4,18.14,18.48,18.14,18.43,6538.0,1391600.0,82339632.0,20120827
18.7,18.34,18.75,18.34,18.72,7202.0,2077200.0,124811607.0,20120828
18.84,18.67,18.98,18.54,18.89,5791.0,1317300.0,80069507.0,20120829
18.92,18.89,19.18,18.8,18.9,5307.0,1137700.0,69598231.0,20120830
18.67,19.03,19.09,18.45,18.68,6338.0,1701700.0,103001576.0,20120831
18.91,18.6,19.05,18.6,19.02,3374.0,1072500.0,65410519.0,20120903
18.78,19.02,19.14,18.7,18.89,4559.0,1138000.0,69296247.0,20120904
19.02,18.95,19.15,18.76,19,5173.0,974200.0,59470083.0,20120905
19.13,18.96,19.17,18.85,19.12,3987.0,1000400.0,61228404.0,20120906
18.61,19.16,19.18,18.5,18.66,8241.0,1811800.0,109397390.0,20120910
18.87,18.42,19.06,18.42,18.9,6224.0,1452400.0,88368319.0,20120911
18.78,18.95,19.1,18.47,18.78,8696.0,1908700.0,115437829.0,20120912
18.34,18.76,18.83,18.14,18.29,9063.0,3773400.0,224300944.0,20120913
18.72,18.62,18.73,18.13,18.72,10693.0,3358300.0,194324461.0,20120914
18.44,18.69,18.7,18.2,18.44,6713.0,2263000.0,130752843.0,20120917
18.76,18.38,19.07,18.34,18.73,7887.0,1750500.0,103713152.0,20120918
19.08,18.76,19.19,18.76,18.98,4895.0,2084400.0,124988467.0,20120919
19.36,18.91,19.65,18.8,19.33,7029.0,2143800.0,129045870.0,20120920
18.91,19.39,19.44,18.83,18.92,6135.0,1473100.0,87785749.0,20120921
18.25,19.02,19.02,18.07,18.27,10730.0,2996300.0,172593679.0,20120924
17.07,18.06,18.11,16.97,17.07,18548.0,7146300.0,391666368.0,20120925
17.04,16.91,17.47,16.87,17.11,10479.0,3264500.0,176463915.0,20120926
17.42,17.33,17.52,17.17,17.35,8657.0,2629600.0,143409072.0,20120927
16.08,17.18,17.23,16.02,16.05,22496.0,9500000.0,484315782.0,20120928
15.92,15.89,16.61,15.62,15.99,13097.0,3700700.0,186849540.0,20121001
15.89,16.17,16.17,15.76,15.92,9531.0,3974800.0,199649763.0,20121002
15.95,15.97,16.37,15.74,15.92,8669.0,2849500.0,143430628.0,20121003
16.82,16.04,16.82,15.95,16.77,10590.0,3306600.0,172251962.0,20121004
16.82,16.82,16.94,16.53,16.79,7183.0,3689100.0,194578303.0,20121005
16.72,16.77,16.83,16.37,16.77,10559.0,3045900.0,158722666.0,20121008
16.44,16.59,16.72,16.07,16.31,10586.0,3826600.0,196033876.0,20121009
16.23,16.34,16.6,16.22,16.35,5984.0,2611500.0,134589981.0,20121010
16.39,16.34,16.57,16.31,16.43,5789.0,1691800.0,87546716.0,20121011
16.21,16.52,16.52,16.16,16.23,8749.0,1836900.0,93786169.0,20121015
16.02,16.19,16.27,16.02,16.02,6285.0,1415000.0,71763458.0,20121016
16.31,16.15,16.82,16.06,16.3,8536.0,3350700.0,175252078.0,20121017
15.63,16.4,16.4,15.62,15.63,11373.0,5255600.0,261991048.0,20121018
15.69,15.67,15.9,15.46,15.69,6380.0,1976700.0,98021695.0,20121019
15,15.58,15.58,14.61,15.02,10406.0,5402800.0,254144775.0,20121022
14.19,14.91,14.91,14.19,14.2,12718.0,7454900.0,339984987.0,20121023
14.6,14.39,14.69,14.17,14.59,13890.0,6264900.0,283883267.0,20121024
15,15.19,15.51,14.94,14.99,13737.0,4529100.0,215643392.0,20121025
15.45,14.97,15.49,14.91,15.49,8295.0,3364400.0,161438216.0,20121026
15.77,15.42,15.77,15.27,15.77,5454.0,2166800.0,106346074.0,20121029
16.32,15.77,16.37,15.77,16.3,7908.0,4172100.0,212139230.0,20121030
15.94,16.5,16.5,15.77,15.92,8256.0,2349600.0,118454493.0,20121031
16.51,15.97,16.69,15.94,16.51,8138.0,2775700.0,142790388.0,20121101
17.01,16.77,17.1,16.72,16.97,8756.0,2452900.0,130873215.0,20121106
17.16,17,17.26,16.95,17.19,5015.0,1552600.0,83733937.0,20121107
17.25,17.16,17.35,16.96,17.23,5958.0,2558500.0,138644585.0,20121108
17.17,17.26,17.31,16.87,17.2,8711.0,2729800.0,147284072.0,20121109
17.25,17.19,17.46,17.08,17.23,4755.0,1946100.0,105253220.0,20121112
17.34,17.19,17.39,17.09,17.33,3990.0,994700.0,53881843.0,20121113
17.26,17.17,17.38,17.14,17.22,5020.0,1042100.0,56646908.0,20121114
17.4,17.17,17.53,17.09,17.49,5109.0,1043500.0,57319787.0,20121116
17.42,17.32,17.52,17.32,17.42,4020.0,1131700.0,62105232.0,20121119
17.39,17.58,17.81,17.17,17.43,8510.0,2331900.0,128360793.0,20121121
17.38,17.47,17.57,17.29,17.37,2027.0,708900.0,38779430.0,20121122
17.54,17.45,17.55,17.11,17.49,4676.0,1907400.0,104455032.0,20121123
17.57,17.46,17.76,17.37,17.68,4577.0,1319000.0,73102399.0,20121126
17.87,17.62,17.87,17.6,17.82,3938.0,1184700.0,66412725.0,20121127
18.12,17.83,18.13,17.62,18.07,6757.0,2163300.0,122095837.0,20121128
18.22,18.06,18.43,18.0,18.23,3852.0,1162100.0,66433291.0,20121129
17.71,18.32,18.42,17.49,17.69,10031.0,2775700.0,155017133.0,20121130
17.55,17.8,17.8,17.27,17.54,8084.0,1908200.0,104765794.0,20121203
17.4,17.52,17.62,17.19,17.35,4773.0,1836700.0,100767852.0,20121204
17.22,17.35,17.56,17.02,17.17,5351.0,2811700.0,153003684.0,20121205
17.27,17.36,17.41,17.12,17.12,5563.0,1242900.0,67380305.0,20121206
17.34,17.35,17.47,17.14,17.34,7067.0,2782300.0,150985301.0,20121207
17.46,17.33,17.62,17.27,17.48,4689.0,1129800.0,62119691.0,20121210
17.6,17.47,17.67,17.4,17.58,6295.0,1549600.0,85440745.0,20121211
17.52,17.61,17.72,17.42,17.52,6584.0,1789600.0,98640650.0,20121212
17.44,17.47,17.6,17.27,17.39,6304.0,1686600.0,92260553.0,20121213
17.38,17.5,17.52,17.19,17.34,6723.0,2005900.0,109108199.0,20121214
17.35,17.33,17.55,17.21,17.36,8653.0,2134100.0,116458413.0,20121217
17.47,17.41,17.52,17.1,17.46,6614.0,1771200.0,96376516.0,20121218
17.42,17.42,17.67,17.42,17.44,4614.0,1958100.0,108051029.0,20121219
17.47,17.52,17.56,17.23,17.48,3233.0,1132700.0,62070308.0,20121220
17.6,17.26,17.6,17.23,17.58,3599.0,1758700.0,96142279.0,20121221
17.48,17.49,17.81,17.29,17.48,3592.0,2077200.0,114927289.0,20121226
17.93,17.39,17.96,17.39,17.95,4695.0,1606800.0,90080410.0,20121227
18.12,17.94,18.27,17.83,18.13,6116.0,1813000.0,103429680.0,20121228
18.57,18.27,18.69,18.22,18.57,5896.0,1875400.0,108960568.0,20130102
18.7,18.59,18.76,18.45,18.76,5553.0,1299700.0,76149032.0,20130103
18.71,18.7,18.78,18.54,18.73,5465.0,2973800.0,174710523.0,20130104
18.82,18.55,18.82,18.55,18.82,4634.0,1824600.0,107358703.0,20130107
18.33,18.73,18.91,18.32,18.32,6971.0,3216700.0,187826917.0,20130108
17.93,18.25,18.25,17.74,17.87,6409.0,3627600.0,203774810.0,20130109
17.7,17.77,17.83,17.4,17.61,9467.0,3079800.0,170887604.0,20130110
17.56,17.64,17.81,17.39,17.57,5485.0,1425100.0,78718716.0,20130111
17.67,17.53,17.76,17.12,17.71,7121.0,2069300.0,113959243.0,20130114
17.6,17.66,17.76,17.52,17.6,10326.0,3198000.0,177510888.0,20130115
17.34,17.59,17.59,17.28,17.35,4343.0,1550600.0,84535602.0,20130116
17.57,17.28,17.61,17.18,17.57,7849.0,2149900.0,117846292.0,20130117
17.38,17.64,17.67,17.17,17.38,6328.0,2460500.0,133730808.0,20130118
17.55,17.35,17.66,17.27,17.56,3345.0,971000.0,53530102.0,20130121
17.58,17.64,17.72,17.49,17.61,3777.0,1040000.0,57468261.0,20130122
17.64,17.61,17.83,17.49,17.53,6784.0,2033000.0,112867219.0,20130123
17.47,17.62,17.77,17.36,17.47,5003.0,1533300.0,84525735.0,20130124
17.39,17.75,17.77,17.36,17.42,5781.0,2460700.0,135332358.0,20130128
17.93,17.52,17.96,17.47,17.89,7420.0,2353100.0,131622300.0,20130129
17.65,17.85,17.92,17.5,17.65,7208.0,1601700.0,89361489.0,20130130
17.93,17.67,17.97,17.4,17.93,8014.0,2462400.0,136777458.0,20130131
18.34,18,18.49,18.0,18.39,6955.0,1957500.0,112674435.0,20130201
18.35,18.27,18.48,18.07,18.32,6319.0,1480800.0,85141522.0,20130204
18.25,18.35,18.5,18.13,18.25,7418.0,2388500.0,137780003.0,20130205
17.97,18.24,18.45,17.71,17.97,6286.0,2767000.0,157120739.0,20130206
17.49,18.12,18.12,17.44,17.49,10714.0,3436400.0,190968205.0,20130207
17.61,17.42,17.88,17.4,17.61,7944.0,2281300.0,126402402.0,20130208
17.34,17.57,17.83,17.2,17.33,7054.0,1697800.0,93142855.0,20130213
17.53,17.34,17.57,17.34,17.53,6425.0,2177600.0,119500078.0,20130214
17.92,17.51,18.14,17.44,17.89,10392.0,2725400.0,152701403.0,20130215
17.81,17.92,17.97,17.7,17.9,4602.0,1058000.0,59375774.0,20130218
18.14,17.77,18.43,17.77,18.14,11784.0,2146400.0,123221338.0,20130219
18.04,18.21,18.25,18.0,18.09,7050.0,2479200.0,141038594.0,20130220
18.06,18.19,18.25,17.95,18.13,8422.0,2027200.0,115553423.0,20130221
18.42,18.13,18.42,17.9,18.42,8985.0,1993700.0,114597435.0,20130222
18.73,18.48,19.0,18.47,18.8,11426.0,3874000.0,229580722.0,20130225
18.87,18.54,19.07,18.54,18.85,11355.0,2799300.0,166688194.0,20130226
18.92,18.96,19.39,18.91,18.94,8415.0,2164300.0,129546263.0,20130227
18.87,18.92,19.22,18.76,18.82,7735.0,1985900.0,118691057.0,20130228
19.13,18.87,19.16,18.77,19.12,7497.0,5368400.0,318087975.0,20130301
18.89,19.07,19.07,18.8,18.95,6543.0,2135000.0,127226375.0,20130304
18.86,18.97,19.11,18.8,18.93,6954.0,1494100.0,89042322.0,20130305
18.86,19.08,19.13,18.82,18.9,6300.0,1389800.0,82795505.0,20130306
18.64,19.03,19.04,18.27,18.62,7486.0,2725700.0,159210145.0,20130307
18.91,18.62,18.91,18.52,18.91,6572.0,3357300.0,198326583.0,20130308
18.9,18.84,18.91,18.76,18.89,6619.0,1422600.0,84327945.0,20130311
18.73,18.88,18.88,18.47,18.74,6739.0,2298700.0,135166139.0,20130312
18.42,18.67,18.76,17.89,18.38,11702.0,3838200.0,222009047.0,20130313
18.25,18.13,18.36,17.95,18.25,6982.0,3905900.0,221889903.0,20130314
18.58,18.54,18.7,18.38,18.58,5224.0,2064400.0,117525302.0,20130315
18.7,18.34,18.82,18.32,18.7,5407.0,1511700.0,86511979.0,20130318
18.54,18.85,18.89,18.45,18.54,7446.0,2116100.0,120769079.0,20130319
18.58,18.48,19.02,18.42,18.61,7056.0,1843400.0,105905113.0,20130320
18.63,18.62,18.79,18.58,18.63,3175.0,829400.0,47622937.0,20130321
18.31,18.77,18.82,18.31,18.37,4352.0,2483100.0,141614236.0,20130322
18.62,18.62,18.68,18.29,18.45,5110.0,5321800.0,304402182.0,20130325
18.82,18.62,18.92,18.43,18.87,10269.0,1839600.0,105932771.0,20130326
19.15,18.66,19.18,18.57,19.15,6386.0,1774900.0,103944655.0,20130327
19.42,19.12,19.6,19.12,19.43,7838.0,2971000.0,177122674.0,20130328
19.17,19.35,19.36,19.09,19.18,3285.0,770400.0,45418995.0,20130401
19.18,19.22,19.41,19.11,19.18,4659.0,1109100.0,65556213.0,20130402
19.37,19.18,19.44,19.1,19.32,4608.0,799400.0,47479605.0,20130403
19.24,19.37,19.43,19.13,19.22,5472.0,1129400.0,66918906.0,20130404
19.61,19.35,19.68,19.19,19.61,5791.0,1534600.0,91881320.0,20130405
19.76,19.57,19.93,19.52,19.75,7163.0,3367000.0,205002800.0,20130408
20.36,19.77,20.36,19.76,20.28,8993.0,3006900.0,186595817.0,20130409
20.56,20.32,20.78,20.3,20.51,8631.0,3294400.0,208216425.0,20130410
20.3,20.62,20.71,19.95,20.3,6562.0,2257000.0,140153838.0,20130411
20.49,20.28,20.66,20.02,20.4,6134.0,1545700.0,96930073.0,20130412
20.23,20.17,20.77,20.17,20.24,7930.0,1628400.0,102838101.0,20130415
20.4,20.25,20.71,20.25,20.48,4494.0,1079300.0,67805375.0,20130416
20.4,20.23,20.75,20.23,20.34,7792.0,2440300.0,153900360.0,20130417
20.5,20.42,20.78,20.4,20.63,5402.0,1493200.0,94553201.0,20130418
20.93,20.71,20.94,20.56,20.94,5714.0,1820300.0,116708570.0,20130419
20.88,21.04,21.2,20.78,20.88,5261.0,1462800.0,94348817.0,20130422
20.98,20.9,21.0,20.81,20.91,4308.0,1599300.0,102928950.0,20130423
20.63,20.84,20.92,20.63,20.65,4655.0,1506500.0,96164218.0,20130424
20.56,20.73,20.73,20.35,20.55,5558.0,1586500.0,100058726.0,20130425
20.17,20.48,20.6,20.03,20.17,4675.0,1617300.0,100698881.0,20130426
20.01,20.44,20.58,19.84,20.08,9863.0,2053700.0,105231834.0,20130429
20.73,19.9,20.88,19.9,20.88,13323.0,3093300.0,162736007.0,20130430
20.82,20.76,21.23,20.7,21.13,10020.0,2628200.0,141791849.0,20130502
21.05,21.15,21.62,20.9,21.07,9787.0,4063200.0,220296151.0,20130503
21.23,21.17,21.46,21.01,21.22,7347.0,2729500.0,148584314.0,20130506
21.31,21.17,21.38,21.01,21.38,5468.0,1571700.0,85811273.0,20130507
21.26,21.46,21.58,21.11,21.36,7661.0,2275300.0,124413473.0,20130508
21.51,21.35,21.58,21.19,21.51,6331.0,1977300.0,108980468.0,20130509
21.37,21.34,21.55,21.23,21.39,4851.0,1047600.0,57493654.0,20130510
21.47,21.33,21.66,21.27,21.47,5560.0,1385300.0,76144013.0,20130513
21.98,21.51,22.04,21.46,22.01,7444.0,2554500.0,143112355.0,20130514
21.77,21.88,22.23,21.59,21.84,4887.0,1556900.0,87320746.0,20130515
21.31,21.69,22.01,21.27,21.27,5377.0,1776300.0,98417062.0,20130516
20.54,21.01,21.01,20.2,20.53,13390.0,9270600.0,488638894.0,20130517
20.59,20.42,20.87,20.2,20.59,10527.0,2466100.0,129855871.0,20130520
20.73,20.62,20.74,20.32,20.73,7114.0,3957400.0,208230286.0,20130521
21.06,20.76,21.06,20.66,21.04,7898.0,4169300.0,223919469.0,20130522
20.91,20.83,21.05,20.69,20.91,8751.0,1907200.0,101675295.0,20130523
21.21,20.76,21.27,20.61,21.23,7485.0,1991600.0,107222886.0,20130524
21.21,21.2,21.49,21.2,21.26,3858.0,886300.0,48558087.0,20130527
21.61,21.36,21.75,21.26,21.64,5928.0,1350800.0,74744734.0,20130528
21.21,21.47,21.54,20.95,21.13,5774.0,1605400.0,87439662.0,20130529
21.11,21.01,21.46,20.91,21.37,12559.0,3610100.0,196586855.0,20130531
21.61,21.41,21.61,21.16,21.54,5448.0,1184000.0,64917440.0,20130603
21.83,21.61,21.83,21.26,21.79,6860.0,1592800.0,88139429.0,20130604
21.53,21.77,22.05,21.41,21.53,9095.0,2789400.0,155173509.0,20130605
21,21.66,21.78,21.0,21.01,4706.0,2923400.0,159723555.0,20130606
20.69,21,21.09,20.69,20.76,7759.0,1711600.0,91245175.0,20130607
20.73,20.81,21.12,20.65,20.71,5025.0,1252800.0,66964114.0,20130610
20.29,20.73,20.8,20.29,20.37,8327.0,1976400.0,104079719.0,20130611
20.42,20.44,20.79,20.28,20.4,9165.0,1908500.0,100114394.0,20130612
20.51,20.61,20.86,20.3,20.46,7492.0,1586100.0,83404598.0,20130613
20.73,20.8,20.86,20.49,20.66,7170.0,1663400.0,88099571.0,20130614
20.78,20.84,20.97,20.68,20.73,5448.0,1418100.0,75585364.0,20130617
20.96,20.52,21.19,20.52,20.96,5134.0,1150500.0,61535110.0,20130618
20.35,20.96,21.15,19.98,20.38,8888.0,2064700.0,108887244.0,20130619
20.25,20.09,20.59,19.75,20.02,10716.0,2780900.0,143009080.0,20130620
20.69,19.9,20.92,19.85,20.75,9647.0,2605400.0,137488316.0,20130621
20.26,20.61,20.69,20.18,20.26,9313.0,2389800.0,124363718.0,20130624
20.28,20.42,20.42,20.08,20.21,6387.0,1316300.0,68327567.0,20130625
20.69,20.42,20.81,20.33,20.69,5907.0,1317200.0,69741752.0,20130626
21.42,20.65,21.56,20.65,21.42,9482.0,2198300.0,120302295.0,20130627
21.82,21.23,21.87,21.21,21.86,7858.0,2456100.0,136924151.0,20130628
22.01,21.81,22.16,21.58,22.01,6813.0,1736800.0,97788817.0,20130701
21.48,21.97,22.21,21.3,21.51,9521.0,2435600.0,135561425.0,20130702
21.73,21.23,22.04,21.22,21.73,6410.0,2650400.0,148062695.0,20130703
21.78,22.04,22.04,21.7,21.83,3077.0,1126500.0,62954084.0,20130704
21.86,21.66,21.86,21.42,21.86,6950.0,1511300.0,83719263.0,20130705
21.55,21.88,21.96,21.54,21.66,4790.0,1699100.0,94137704.0,20130708
21.71,21.74,21.81,21.56,21.61,4571.0,2114300.0,117373431.0,20130710
21.96,21.71,22.03,21.56,21.96,7320.0,1874100.0,104617728.0,20130711
21.76,21.91,22.13,21.66,21.75,4279.0,1106100.0,61870407.0,20130712
22.13,21.74,22.13,21.72,22.13,3798.0,684500.0,38469114.0,20130715
22.11,22.11,22.24,21.87,22.22,3890.0,716600.0,40571243.0,20130716
21.56,22.24,22.24,21.34,21.54,8041.0,2904700.0,160551412.0,20130717
21.61,21.54,21.77,21.46,21.64,3574.0,1195600.0,66375540.0,20130718
21.71,21.46,21.72,21.38,21.71,2889.0,666000.0,36874250.0,20130719
21.96,21.69,22.03,21.69,21.93,4619.0,1471600.0,82492302.0,20130722
21.61,21.96,22.01,21.41,21.51,4617.0,1037700.0,57547146.0,20130723
21.58,21.63,21.73,21.42,21.56,4434.0,1050300.0,58016277.0,20130724
21.71,21.37,21.73,21.36,21.69,5800.0,1568000.0,86568754.0,20130725
21.46,21.56,21.91,21.43,21.76,3337.0,724600.0,40349497.0,20130726
21.37,21.59,21.73,21.27,21.38,3266.0,827000.0,45321019.0,20130729
21.68,21.38,21.73,21.34,21.68,5623.0,1435600.0,79555419.0,20130730
21.96,21.62,22.03,21.58,21.96,5601.0,1173500.0,65722651.0,20130731
21.98,21.97,22.21,21.88,21.98,5797.0,1221800.0,68911061.0,20130801
22,22.05,22.15,21.79,21.98,4597.0,762200.0,42986659.0,20130802
21.97,22.01,22.06,21.81,21.94,3861.0,851100.0,47826897.0,20130805
21.5,21.94,21.94,21.33,21.48,6049.0,1639600.0,90584000.0,20130806
21.44,21.49,21.61,21.27,21.36,5859.0,1506700.0,82533720.0,20130807
21.86,21.29,21.92,21.28,21.86,6340.0,1390800.0,77135927.0,20130808
22.08,21.74,22.11,21.64,22.08,5962.0,1430900.0,80155297.0,20130809
21.86,22.11,22.17,21.74,21.81,7404.0,1532500.0,85999740.0,20130812
22,22,22.05,21.78,22,7374.0,2065800.0,116041610.0,20130813
22.08,21.98,22.2,21.86,22.07,10131.0,2359900.0,133142359.0,20130814
21.89,21.75,22.09,21.58,21.75,10141.0,2598600.0,145516883.0,20130815
22.03,21.89,22.18,21.75,22.03,5876.0,1168300.0,65789400.0,20130816
21.69,22.01,22.06,21.68,21.69,5754.0,1440600.0,80796529.0,20130819
21.86,21.69,22.02,21.57,21.86,5082.0,1958000.0,109709026.0,20130820
22.06,21.74,22.46,21.71,22.09,7774.0,2741700.0,154469897.0,20130821
22.22,22.24,22.64,22.13,22.23,11253.0,2703100.0,154588685.0,20130822
22.76,22.16,22.76,22.15,22.76,6362.0,2653600.0,153503695.0,20130823
22.96,22.75,23.03,22.64,22.96,7310.0,2229300.0,130747769.0,20130826
22.71,22.76,22.98,22.66,22.72,9119.0,2397900.0,140214321.0,20130827
22.38,22.69,22.74,22.07,22.25,10165.0,2703600.0,154478011.0,20130828
22.55,22.42,22.88,22.42,22.52,6860.0,1544100.0,89586822.0,20130829
22.81,22.64,22.82,22.45,22.81,6799.0,5063100.0,293840834.0,20130830
22.88,23.21,23.3,22.74,22.85,5629.0,1358500.0,79798932.0,20130902
22.52,22.66,23.1,22.45,22.54,7988.0,1894300.0,110033398.0,20130903
22.41,22.51,22.56,22.33,22.41,6907.0,1532700.0,88072725.0,20130904
22.19,22.44,22.6,21.38,22.17,8975.0,2704400.0,153332278.0,20130905
22.3,22.28,22.54,22.15,22.29,8827.0,2050600.0,117001367.0,20130906
22.54,22.46,22.56,22.31,22.53,10694.0,2836800.0,163204146.0,20130909
22.44,22.49,22.64,22.24,22.44,8220.0,1983100.0,114017440.0,20130910
22.36,22.44,22.58,22.05,22.31,5638.0,1658500.0,94857655.0,20130911
22.27,22.21,22.43,22.05,22.27,5219.0,1185700.0,67563383.0,20130912
22.43,22.25,22.44,22.11,22.38,3970.0,742100.0,42284307.0,20130913
22.99,22.68,23.14,22.5,23.01,9140.0,3160100.0,181529753.0,20130916
23.07,22.91,23.17,22.88,23.11,5323.0,1251100.0,72665304.0,20130917
23.36,23.07,23.36,23.07,23.3,5620.0,3293300.0,192277770.0,20130918
23.36,23.36,23.61,23.06,23.34,4368.0,1099500.0,64404221.0,20130919
22.79,23.26,23.29,22.61,22.71,7434.0,2392600.0,137557997.0,20130920
23.21,22.71,23.31,22.71,23.16,5992.0,1418300.0,82411705.0,20130923
22.77,23.26,23.3,22.67,22.76,6311.0,1991500.0,114217959.0,20130924
22.84,22.74,22.98,22.35,22.93,4397.0,957500.0,54891039.0,20130925
23.35,22.91,23.47,22.74,23.35,5043.0,1699400.0,99343922.0,20130926
24.21,23.32,24.27,23.21,24.21,13157.0,3315800.0,199252754.0,20130927
23.96,23.94,24.18,23.8,23.84,8045.0,1938000.0,116687314.0,20130930
24.26,24.31,24.35,23.76,24.32,5890.0,1272000.0,77053769.0,20131001
24.37,24.21,24.46,24.08,24.42,3860.0,916600.0,56099246.0,20131002
24.73,24.34,24.73,24.26,24.66,6003.0,1376300.0,84789340.0,20131003
24.98,24.67,24.98,24.53,24.97,6245.0,1492400.0,93183967.0,20131004
25.34,24.96,25.54,24.84,25.36,6722.0,2052300.0,130388190.0,20131007
24.96,25.38,25.38,24.67,24.96,8386.0,2218500.0,139291133.0,20131008
25.12,24.96,25.21,24.67,25.06,6535.0,1475200.0,92617208.0,20131009
24.86,25.26,25.26,24.67,24.9,7347.0,1722400.0,107522916.0,20131010
25.74,25.01,25.86,24.96,25.78,8748.0,2482200.0,159669106.0,20131011
26.17,25.78,26.27,25.59,26.17,6093.0,1227700.0,80366969.0,20131014
26.17,26.11,26.24,26.06,26.17,5891.0,3950200.0,259647700.0,20131015
26.36,26.22,26.83,26.13,26.31,7803.0,3461700.0,229024304.0,20131016
26.44,26.12,26.56,26.11,26.43,5742.0,1763600.0,116670536.0,20131017
26.19,26.46,26.72,26.17,26.31,6435.0,3612600.0,239011337.0,20131018
26.3,26.17,26.38,26.01,26.18,6389.0,1417300.0,93478506.0,20131021
25.91,26.18,26.26,25.83,25.94,5826.0,1858400.0,121431664.0,20131022
26.19,25.96,26.25,25.94,26.2,5956.0,1545700.0,101507777.0,20131023
25.94,26.18,26.44,25.66,25.96,4582.0,957900.0,62822119.0,20131024
26.47,26.11,26.57,25.97,26.48,5282.0,1076600.0,71478477.0,20131025
26.31,26.47,26.61,26.16,26.31,4584.0,1062800.0,70244532.0,20131028
26.61,26.32,26.65,26.06,26.63,6335.0,1391000.0,92271062.0,20131029
26.56,26.56,26.65,26.36,26.49,3978.0,1239800.0,82486490.0,20131030
27.13,26.49,27.19,26.45,27.08,6018.0,1924600.0,130359161.0,20131031
27.04,27.45,27.45,26.72,26.99,6321.0,1590600.0,107754207.0,20131101
27.39,27.05,27.42,26.86,27.36,4210.0,1081300.0,73857474.0,20131104
26.51,27.06,27.16,26.48,26.51,6833.0,2155200.0,144839929.0,20131105
26.12,26.51,26.62,25.86,26.16,7964.0,1887100.0,123909815.0,20131106
26.56,26.08,27.29,26.08,26.57,9523.0,2063200.0,138959335.0,20131107
26.17,26.66,26.81,26.08,26.11,6213.0,1376800.0,91211168.0,20131108
26.14,26.26,26.31,25.98,26.14,2770.0,880300.0,57891992.0,20131111
25.81,26.19,26.29,25.74,25.78,5590.0,1861000.0,121423002.0,20131112
25.96,25.81,26.19,25.72,25.96,6906.0,1527400.0,99794860.0,20131113
26.66,26.22,26.79,26.2,26.66,7311.0,1748400.0,116957343.0,20131114
26.7,26.58,26.86,26.56,26.7,6082.0,1135700.0,76360421.0,20131118
26.38,26.65,26.86,26.31,26.44,7151.0,1328000.0,88629930.0,20131119
26.51,26.19,26.61,26.1,26.44,5887.0,1264600.0,83764399.0,20131121
26.6,26.31,26.91,26.09,26.61,4283.0,1003200.0,67160711.0,20131122
26.42,26.76,26.78,26.41,26.42,7360.0,2200400.0,146443036.0,20131125
26.6,26.41,26.7,26.21,26.65,5017.0,1318900.0,87899316.0,20131126
26.46,26.66,26.92,26.38,26.41,4030.0,1112200.0,74501426.0,20131127
26.78,26.66,26.91,26.51,26.77,2036.0,538400.0,36240350.0,20131128
27.06,26.87,27.06,26.65,26.96,3426.0,751000.0,50753193.0,20131129
26.73,26.65,27.04,26.6,26.74,4111.0,801100.0,53923320.0,20131202
26.54,26.66,26.9,26.08,26.54,6343.0,1246600.0,82828177.0,20131203
26.14,26.41,26.61,26.06,26.19,5507.0,1209600.0,79990515.0,20131204
26.26,26.22,26.57,26.13,26.31,5704.0,976800.0,64634862.0,20131205
26.03,26.49,26.49,25.99,26.06,5424.0,3072300.0,201905062.0,20131206
26.38,25.96,26.41,25.74,26.36,6333.0,1488400.0,97281353.0,20131209
25.47,26.14,26.29,25.23,25.62,5862.0,1132200.0,73882798.0,20131210
25.46,25.75,25.88,25.36,25.46,8180.0,1817200.0,116765538.0,20131211
25.87,25.61,26.23,25.38,25.87,6427.0,2446700.0,158310352.0,20131212
25.87,25.87,26.27,25.75,25.93,4783.0,1170700.0,76402094.0,20131213
25.61,25.96,26.46,25.53,25.56,8353.0,3263500.0,214048316.0,20131216
26.16,25.65,26.25,25.65,26.11,6073.0,1272900.0,83301422.0,20131217
26.52,26.2,26.61,26.03,26.4,6836.0,1887700.0,124887135.0,20131218
26.14,26.33,26.36,25.74,26.16,3943.0,879200.0,57520210.0,20131219
26.2,26.14,26.31,25.87,26.2,4485.0,1138800.0,74896308.0,20131220
26.46,26.25,26.57,26.25,26.46,2640.0,823000.0,54717299.0,20131223
26.06,26.6,26.73,25.93,26.01,2926.0,1035500.0,68440639.0,20131226
26.01,26.11,26.15,25.87,26,4728.0,889300.0,58121120.0,20131227
26.06,25.96,26.37,25.94,26.06,3384.0,1597500.0,105033488.0,20131230
26.31,26.12,26.33,25.93,26.27,6672.0,1377900.0,90698834.0,20140102
26.63,26.33,26.8,26.32,26.54,6148.0,2162500.0,144270218.0,20140103
26.66,26.46,26.72,26.28,26.66,9001.0,2119100.0,141728989.0,20140106
26.86,26.65,27.17,26.54,26.92,6829.0,3359400.0,228123225.0,20140107
26.89,27.16,27.37,26.89,27.06,6827.0,3841300.0,262615043.0,20140108
26.68,27.06,27.11,26.68,26.81,6093.0,1830100.0,123731281.0,20140109
27.04,26.87,27.1,26.26,26.94,7348.0,2094600.0,141366225.0,20140110
26.77,26.96,27.06,26.71,26.8,4678.0,1045800.0,70566372.0,20140113
26.64,26.68,26.76,26.46,26.54,4557.0,2832700.0,189132879.0,20140114
26.51,26.65,26.72,26.46,26.51,3726.0,1691900.0,112789446.0,20140115
26.46,26.51,26.69,26.37,26.46,4086.0,1264500.0,84190446.0,20140116
26.33,26.51,26.54,26.31,26.33,2941.0,936900.0,62212288.0,20140117
26.19,26.31,26.52,26.17,26.19,2049.0,421800.0,27925613.0,20140120
25.84,26.33,26.41,25.78,25.86,4858.0,1173000.0,76653345.0,20140121
26.3,25.94,26.53,25.94,26.18,6238.0,1669200.0,110516608.0,20140122
25.65,26.3,26.51,25.63,25.66,7629.0,1426600.0,93177740.0,20140123
25.32,25.66,25.94,24.94,25.31,8043.0,1797100.0,114714159.0,20140124
25.18,25.47,25.68,24.91,25.14,9344.0,1727100.0,109312550.0,20140127
25.14,25.47,25.55,25.11,25.11,5643.0,1789600.0,114126915.0,20140128
25.16,25.26,25.56,24.66,25.16,8817.0,2314100.0,145401600.0,20140129
25.25,25.28,25.54,25.0,25.25,4729.0,1397200.0,88941015.0,20140130
25.5,25.05,25.74,24.91,25.49,7148.0,1799600.0,114661714.0,20140131
25.16,25.56,25.86,25.11,25.25,7293.0,3153700.0,202649206.0,20140203
25.19,25.26,25.39,25.04,25.2,7159.0,2719200.0,172515101.0,20140204
24.83,25.07,25.35,24.71,24.89,7707.0,1638400.0,102940820.0,20140205
25.6,24.93,25.66,24.71,25.52,6501.0,1377500.0,87726701.0,20140206
26.08,25.5,26.11,25.2,26.04,10389.0,2317300.0,150521510.0,20140207
25.73,25.97,25.97,25.47,25.76,7285.0,1528800.0,98833782.0,20140210
26.11,25.88,26.25,25.66,26.06,9435.0,2386500.0,155652526.0,20140211
25.88,26.21,26.48,25.88,25.91,8991.0,2237400.0,147052935.0,20140212
25.98,26.01,26.03,25.58,25.91,7438.0,1378000.0,89264614.0,20140213
25.76,26.01,26.2,25.73,25.82,4336.0,830800.0,54139172.0,20140214
25.69,25.82,26.15,25.51,25.73,2327.0,436400.0,28282624.0,20140217
25.89,25.76,26.33,25.74,25.93,8019.0,2053400.0,134438715.0,20140218
25.86,25.86,26.2,25.38,25.91,7271.0,1755800.0,114343830.0,20140219
25.61,25.75,25.94,25.55,25.61,6743.0,1351000.0,87299781.0,20140220
25.65,25.67,25.89,25.56,25.69,4634.0,891500.0,57664094.0,20140221
25.81,25.67,26.09,25.66,25.81,4382.0,980300.0,63783744.0,20140224
25.5,25.73,25.85,25.34,25.47,6528.0,1170800.0,75138847.0,20140225
25.5,25.48,25.79,25.36,25.51,6323.0,1402600.0,90111371.0,20140226
25.67,25.69,25.71,25.3,25.65,6950.0,1200100.0,77049839.0,20140227
25.41,25.8,26.0,25.15,25.42,8481.0,2317000.0,148112507.0,20140228
25.69,25.3,25.94,25.26,25.69,5845.0,1328000.0,85582253.0,20140305
26.11,25.78,26.11,25.69,26.11,4887.0,1152400.0,74987046.0,20140306
26.05,25.97,26.11,25.76,26.04,7573.0,2180100.0,141999443.0,20140307
26.63,25.94,26.64,25.94,26.58,6686.0,2758700.0,183732178.0,20140310
27.16,26.65,27.25,26.63,27.24,7380.0,1708500.0,116249868.0,20140311
27.06,27.02,27.41,26.86,27.06,6192.0,1993100.0,135674501.0,20140312
26.82,27.12,27.12,26.61,26.8,6534.0,1220600.0,82226120.0,20140313
26.73,26.85,26.89,26.65,26.73,4511.0,941700.0,63277775.0,20140314
27.11,26.94,27.11,26.75,27.03,6441.0,1248100.0,83077282.0,20140317
27.98,26.96,28.01,26.96,27.98,8425.0,1630400.0,111206154.0,20140318
28.31,27.91,28.42,27.69,28.28,7107.0,1305900.0,90768861.0,20140319
28.53,28.1,28.68,27.87,28.52,7415.0,1378000.0,96602439.0,20140320
28.48,28.36,28.83,28.35,28.47,6192.0,2281500.0,161013228.0,20140321
28.74,28.47,28.87,28.35,28.71,4955.0,1215200.0,86083587.0,20140324
28.97,28.72,29.12,28.61,29,4859.0,1509200.0,107525749.0,20140325
28.76,28.97,29.11,28.29,28.61,4983.0,1745700.0,123593825.0,20140326
28.97,28.56,28.97,28.56,28.91,10593.0,2441700.0,173472869.0,20140327
28.93,28.96,29.11,28.63,28.89,6358.0,1771600.0,126370318.0,20140328
29.26,29.11,29.39,28.94,29.24,7904.0,1990000.0,143322463.0,20140331
29.58,29.38,29.66,28.89,29.57,12051.0,4325600.0,156073466.0,20140401
29.75,29.48,30.08,29.26,29.78,11395.0,4633400.0,169592824.0,20140402
29.95,30.1,30.1,29.46,29.86,10879.0,5002600.0,184099170.0,20140403
28.98,30.14,30.46,28.73,28.96,13430.0,5047500.0,184156567.0,20140404
29.57,29.26,29.7,28.79,29.51,10001.0,3995400.0,144138393.0,20140407
29.26,30.05,30.18,28.96,29.17,12377.0,3427000.0,124976090.0,20140408
29.68,29.26,30.06,28.93,29.57,10036.0,4175300.0,151424526.0,20140409
29.95,29.48,29.95,29.21,29.81,6690.0,2421100.0,88323229.0,20140410
29.85,29.56,30.05,29.55,29.83,5007.0,1655000.0,61009841.0,20140411
30.02,30.05,30.05,29.43,29.91,6235.0,1372600.0,50409450.0,20140414
29.7,29.61,29.99,29.04,29.61,10974.0,4312400.0,156616393.0,20140415
30.53,29.76,30.53,29.36,30.43,12988.0,3534200.0,130217681.0,20140416
30.51,30.47,30.88,30.26,30.81,8489.0,2584500.0,97466960.0,20140417
31.6,30.63,31.61,30.63,31.56,9585.0,2954100.0,114236815.0,20140422
31.61,31.66,31.76,31.16,31.71,10249.0,3760800.0,146069394.0,20140423
31.51,31.61,31.73,31.04,31.49,9455.0,2225800.0,85957212.0,20140424
30.96,31.26,31.48,30.96,31.12,6928.0,2779100.0,107028368.0,20140425
30.82,31.02,31.39,30.75,30.81,8816.0,2264400.0,86227343.0,20140428
31.35,31.01,31.39,30.66,31.35,9267.0,2466300.0,94487392.0,20140429
32.02,31.31,32.02,31.11,31.99,7394.0,3336900.0,130698800.0,20140430
31.76,32.08,32.39,31.65,31.75,14656.0,4806400.0,188852167.0,20140502
31.97,32.17,32.47,31.44,31.97,12922.0,4851600.0,190955557.0,20140505
32.41,31.99,32.41,31.83,32.4,12345.0,3445900.0,136820550.0,20140506
31.58,32.71,33.23,31.28,31.55,19952.0,7688300.0,301904584.0,20140507
31.52,31.61,31.88,31.31,31.5,7693.0,2379300.0,92673141.0,20140508
31.76,31.55,31.88,31.2,31.76,7645.0,2047200.0,79634694.0,20140509
31.71,32.08,32.08,31.46,31.68,7003.0,1652300.0,64651682.0,20140512
31.39,31.68,31.71,31.3,31.49,9394.0,2266200.0,88031959.0,20140513
31.41,31.52,31.52,31.32,31.4,8391.0,2022000.0,78344693.0,20140514
30.9,31.27,31.56,30.89,30.97,8979.0,2382800.0,91467222.0,20140515
31.71,31.06,31.85,31.03,31.69,8194.0,2472000.0,95992365.0,20140516
31.8,31.91,31.91,31.29,31.6,7759.0,2082200.0,80988003.0,20140519
30.94,31.52,31.76,30.66,31.11,12948.0,3031900.0,117173838.0,20140520
31.62,31.03,31.76,31.01,31.52,10297.0,1913800.0,74515444.0,20140521
32.13,31.76,32.17,31.59,32.11,7006.0,1657100.0,65353172.0,20140522
32.66,31.96,33.01,31.85,32.72,10272.0,2636200.0,106208893.0,20140523
32.58,32.71,32.96,32.58,32.63,2833.0,614200.0,24798459.0,20140526
32.46,32.78,32.78,32.07,32.49,8391.0,2846000.0,113356378.0,20140527
32.91,32.58,33.14,32.41,32.86,6781.0,1673400.0,67836507.0,20140528
32.74,32.91,33.11,32.41,32.81,5785.0,1647600.0,66693754.0,20140529
32.44,32.51,32.9,32.19,32.49,8729.0,3424200.0,137203743.0,20140530
32.87,32.81,33.22,32.62,32.91,9516.0,2260500.0,91942771.0,20140602
33.62,32.91,33.71,32.77,33.62,10415.0,2530300.0,104063850.0,20140603
33.52,33.68,33.83,33.39,33.51,7176.0,2711400.0,112182642.0,20140604
33.39,33.38,33.89,33.32,33.41,6632.0,1397100.0,57898589.0,20140605
34.35,34.2,34.54,33.91,34.32,9156.0,2839700.0,119955133.0,20140606
34.99,34.25,35.41,34.21,34.96,11112.0,4496200.0,194466202.0,20140609
36.06,35.17,36.06,35.03,35.74,12999.0,3401800.0,148191690.0,20140610
36.15,35.99,36.18,35.62,36.06,11165.0,3023900.0,134105079.0,20140611
36.39,36.17,36.66,35.92,36.43,9432.0,2037600.0,91472101.0,20140613
36.56,36.11,36.57,35.76,36.5,9139.0,2784000.0,124761483.0,20140616
36.26,36.46,36.79,36.11,36.32,7452.0,1804300.0,80761921.0,20140617
36.4,36.31,36.51,35.91,36.38,10608.0,2748300.0,123068204.0,20140618
36.44,36.02,36.6,36.0,36.47,7150.0,1958800.0,87980636.0,20140620
36.71,36.31,36.75,36.31,36.59,6977.0,1809500.0,81724993.0,20140623
37.73,36.71,37.82,36.71,37.76,15739.0,4054600.0,187171859.0,20140624
37.21,37.51,37.76,36.91,37.39,9509.0,4837800.0,224226200.0,20140625
37.12,37.24,37.53,37.11,37.11,8124.0,3378100.0,155222461.0,20140626
37.36,37.07,37.6,36.91,37.27,4262.0,971900.0,44698926.0,20140627
36.91,37.38,37.46,36.79,36.93,8839.0,2369900.0,108057970.0,20140630
36.91,37.15,37.4,36.55,36.96,8170.0,1556500.0,70947074.0,20140701
35.63,36.98,37.06,35.53,35.73,12337.0,5345400.0,238879250.0,20140702
36.3,35.86,36.31,35.45,36.23,10710.0,3067100.0,135951860.0,20140703
36.63,36.38,36.68,36.15,36.63,1636.0,1427600.0,64086163.0,20140704
36.72,36.55,36.8,36.29,36.75,5156.0,1075900.0,48548047.0,20140707
36.78,36.7,36.8,36.37,36.57,8011.0,1570700.0,71005046.0,20140708
37.43,36.63,37.46,36.5,37.33,12559.0,3572400.0,163653144.0,20140710
37.51,37.43,37.77,37.29,37.61,8485.0,1849200.0,85835814.0,20140711
37.43,37.85,38.16,36.89,37.4,14649.0,3161700.0,146476485.0,20140714
36.88,37.4,37.43,36.56,36.89,10750.0,2339600.0,106196489.0,20140715
35.42,37.05,37.2,35.29,35.42,16146.0,4166100.0,184133160.0,20140716
34.97,35.33,35.36,34.04,34.89,19489.0,5240400.0,224405495.0,20140717
35.14,35.66,35.86,34.68,34.99,16809.0,4853400.0,212350579.0,20140718
36.16,34.89,36.16,34.87,36.09,12290.0,2668700.0,116810262.0,20140721
36.62,36.02,36.62,35.91,36.62,8730.0,2265800.0,101577525.0,20140722
36.67,36.19,36.7,36.0,36.58,13161.0,2946600.0,132238414.0,20140723
36.44,36.31,36.49,35.56,36.44,11877.0,2937900.0,131295605.0,20140724
36.5,36.22,36.5,36.17,36.49,4516.0,1199700.0,53856044.0,20140725
36.35,36.59,36.6,36.1,36.34,6582.0,2470000.0,110524025.0,20140728
35.87,36.18,36.45,35.81,35.93,7546.0,3694500.0,164578974.0,20140729
34.11,35.56,35.65,34.07,34.25,13991.0,6045300.0,258187500.0,20140730
33.53,33.86,33.91,33.06,33.61,16841.0,8103100.0,336413388.0,20140731
34.08,33.41,34.18,33.26,34.02,10305.0,3207900.0,133431561.0,20140801
34.77,34.23,34.81,33.86,34.64,13494.0,3740500.0,159459113.0,20140804
34.02,34.72,34.72,33.37,33.99,12809.0,3157000.0,132406761.0,20140805
33.06,34.09,34.11,32.81,33.11,19712.0,6472700.0,264374676.0,20140806
33.81,33.36,34.43,33.36,33.81,16083.0,4413300.0,183721399.0,20140807
33.39,33.57,33.77,33.1,33.39,9074.0,4700400.0,194205338.0,20140808
34.32,33.71,34.51,33.61,34.43,10560.0,2637600.0,110610780.0,20140811
34.68,34.51,34.76,34.1,34.55,12604.0,3359700.0,142761717.0,20140812
34.67,34.72,35.21,34.47,34.76,20628.0,4069300.0,174663874.0,20140813
35.22,34.62,35.3,34.51,35.2,7137.0,1984300.0,85775641.0,20140814
35.43,35.26,35.66,34.81,35.43,9014.0,1846000.0,80641342.0,20140815
35.43,35.63,35.66,35.38,35.46,8092.0,1751300.0,76842543.0,20140818
35.49,35.48,35.66,34.94,35.5,7792.0,1925600.0,83926614.0,20140819
34.08,35.29,35.29,33.95,34.07,14354.0,3289900.0,139553816.0,20140820
33.71,33.96,34.51,33.39,33.55,12047.0,3625300.0,150726889.0,20140821
33.99,33.54,34.01,33.23,33.94,9675.0,3456800.0,143377725.0,20140822
34.76,34.04,34.92,33.92,34.73,8933.0,2322100.0,98848897.0,20140825
34.22,34.75,35.13,34.22,34.56,10387.0,2906900.0,124710884.0,20140826
34.06,34.67,34.96,34.03,34.05,14292.0,3840200.0,161851299.0,20140827
33.76,33.99,34.2,33.53,33.58,9666.0,3288400.0,136714613.0,20140828
34,33.82,34.45,33.41,34.01,12483.0,6355600.0,266804565.0,20140829
32.99,34.34,34.46,32.99,33.11,14215.0,4212000.0,174067943.0,20140901
33.5,33.15,33.64,32.41,33.46,16771.0,4877600.0,200314554.0,20140902
33.26,33.31,33.75,32.98,33.26,12206.0,4346000.0,179085056.0,20140903
33.17,32.91,33.55,32.66,33.15,7594.0,2120000.0,86715594.0,20140904
33.31,33.21,33.41,33.01,33.31,10812.0,2705300.0,110994235.0,20140905
33.4,34.02,34.08,33.39,33.47,12273.0,3022500.0,125865502.0,20140908
33.91,33.23,33.98,33.23,33.81,11116.0,3039500.0,126494500.0,20140909
33.62,33.77,33.77,32.9,33.62,14461.0,3067800.0,125979567.0,20140910
32.95,33.62,33.62,32.94,32.96,10278.0,3131300.0,128404482.0,20140911
32.76,32.85,33.05,32.23,32.7,12920.0,4424100.0,178096200.0,20140912
33.34,33.05,33.51,32.5,33.36,8943.0,2452100.0,98423871.0,20140915
34.06,33.51,34.36,33.36,34.04,14758.0,3788300.0,156933835.0,20140916
33.26,34.33,34.34,33.24,33.36,10872.0,4089900.0,168369111.0,20140917
32.75,33.31,33.31,32.22,32.6,19698.0,4341000.0,172620332.0,20140918
32.71,32.51,33.04,32.22,32.68,7565.0,2258900.0,89700438.0,20140919
32.1,32.38,32.89,32.07,32.11,11955.0,2523700.0,99059587.0,20140922
32.06,31.98,32.3,31.48,32.06,13345.0,5553900.0,214884331.0,20140923
32.06,31.78,32.6,31.66,32.05,14023.0,3307000.0,128860437.0,20140924
31.81,32.11,32.36,31.6,31.9,12906.0,4413400.0,171028497.0,20140925
31.87,31.86,31.94,31.23,31.76,12388.0,5435700.0,208081115.0,20140926
32.39,31.02,32.66,30.63,32.36,17870.0,5027900.0,195004401.0,20140929
32.84,32.1,33.06,32.1,32.84,18688.0,5704300.0,227472804.0,20140930
31.85,32.72,32.88,31.51,31.91,16640.0,3852200.0,149777028.0,20141001
31.31,31.81,32.17,31.08,31.31,16733.0,5130500.0,195518131.0,20141002
32.14,31.65,32.14,31.33,32.07,12749.0,3123400.0,119926659.0,20141003
33.16,32.56,33.76,32.56,33.24,23302.0,6911100.0,278511194.0,20141006
33.69,33.79,34.41,33.38,33.75,14487.0,4171700.0,171770613.0,20141007
33.86,34.2,34.23,33.06,34.14,13642.0,3483800.0,142497856.0,20141008
33.94,34.21,34.43,33.79,33.95,11779.0,4374600.0,181058830.0,20141009
32.97,33.71,34.02,32.96,33.21,9810.0,2687300.0,109336869.0,20141010
33.79,33.79,34.31,33.17,33.61,12729.0,4728300.0,193719023.0,20141013
31.23,33.77,33.77,31.22,31.81,24650.0,13440600.0,526064452.0,20141014
31.18,31.23,31.44,30.33,31.16,27743.0,13115700.0,492325170.0,20141015
29.86,30.31,30.71,29.84,29.93,17930.0,6946900.0,254976643.0,20141016
31.9,30.43,31.94,30.18,31.85,14113.0,6099500.0,231539906.0,20141017
30.98,31.56,31.9,30.91,30.99,9011.0,3050700.0,115951175.0,20141020
30.49,30.49,30.99,30.24,30.54,18488.0,4727800.0,175472842.0,20141021
30.81,30.42,31.05,30.41,30.62,9333.0,2883900.0,107745410.0,20141022
30.43,30.41,30.64,30.01,30.21,18710.0,5028700.0,185418973.0,20141023
30.04,30.48,30.75,30.0,30.01,14258.0,5147800.0,188993284.0,20141024
31.24,29.49,31.63,28.86,30.93,33489.0,10917900.0,404027908.0,20141027
32.18,31.4,32.53,31.11,32.19,16569.0,4495900.0,173659118.0,20141028
31.89,31.89,32.94,31.8,31.9,15137.0,4654000.0,182589665.0,20141029
32.11,32.15,32.55,31.94,32.11,9836.0,2940600.0,114888197.0,20141030
33.71,32.4,33.79,31.76,33.75,10279.0,3228200.0,128139534.0,20141031
33.76,33.04,33.78,32.91,33.68,10080.0,2849200.0,115197051.0,20141103
33.17,33.08,33.78,32.96,33.19,10561.0,2044000.0,82564320.0,20141104
32.36,33.37,33.68,32.26,32.55,10666.0,2730400.0,108602216.0,20141105
30.98,32.19,32.37,30.94,31.06,12662.0,4757800.0,182420008.0,20141106
31.48,31.12,32.06,31.1,31.56,11575.0,3438600.0,132739689.0,20141107
31.01,32.06,32.26,30.95,30.96,7059.0,5366200.0,204979725.0,20141110
31.06,30.84,31.47,30.81,31.18,9168.0,3849300.0,145974309.0,20141111
32.25,31.39,32.26,31.09,32.14,8290.0,3680700.0,141893969.0,20141112
31.96,32.01,32.21,31.81,31.89,7811.0,2177000.0,84564263.0,20141113
32.35,32.04,32.46,31.35,32.24,7661.0,2895500.0,112699175.0,20141114
33.02,32.62,33.12,32.16,33.03,11329.0,3843600.0,152323813.0,20141117
34.61,33.1,34.97,33.06,34.61,13597.0,7244200.0,303521433.0,20141118
35.6,34.61,35.8,34.59,35.51,17264.0,11041800.0,475490848.0,20141119
35.84,35.77,36.09,34.03,35.83,32500.0,22774300.0,965240482.0,20141121
36.01,35.86,36.26,35.55,35.98,11220.0,4614400.0,201453424.0,20141124
36.29,36.16,36.73,35.86,36.26,11231.0,3590500.0,158538871.0,20141125
36.17,36.57,36.67,35.6,36.06,7815.0,1866600.0,81368236.0,20141126
36.01,35.92,36.34,35.33,35.86,7402.0,4278300.0,186368865.0,20141127
35.94,35.84,36.21,35.65,36.05,10149.0,2657800.0,115814272.0,20141128
34.62,35.65,36.09,34.4,34.59,14419.0,3517400.0,149667238.0,20141201
35.28,34.94,36.04,34.28,35.28,13036.0,3946900.0,169297761.0,20141202
34.86,35.6,35.61,34.69,35.02,12092.0,3576300.0,152101608.0,20141203
34.86,35.43,35.43,34.6,34.84,9568.0,2064000.0,87179800.0,20141204
35.29,34.77,35.29,34.08,35.17,8437.0,2466000.0,104071117.0,20141205
34.3,35.15,35.16,33.48,34.25,13477.0,3931100.0,163161549.0,20141208
34.11,33.95,34.48,33.56,34.11,12338.0,3351000.0,138700228.0,20141209
34.01,34.11,34.6,33.71,34.12,11527.0,2964200.0,122854864.0,20141210
34.26,33.96,35.01,33.96,34.32,9794.0,2986500.0,124558820.0,20141211
33.99,34.11,34.39,33.05,33.95,8534.0,2071300.0,84734494.0,20141212
32.94,33.86,33.86,32.47,33,19605.0,3903000.0,156448179.0,20141215
32.95,32.29,33.21,31.81,32.87,18648.0,5224400.0,207566032.0,20141216
33.06,32.65,33.91,32.21,33.2,19020.0,5695800.0,229100184.0,20141217
32.73,33.27,33.58,32.72,32.73,8762.0,1948000.0,78078401.0,20141218
33.08,32.64,33.36,32.53,33,7316.0,2014600.0,80951180.0,20141219
32.86,33.27,33.27,32.47,32.92,7710.0,2148700.0,85632473.0,20141222
32.43,32.78,33.36,32.42,32.76,8025.0,2072800.0,82610438.0,20141223
32.89,32.78,33.04,32.59,32.96,4708.0,1598000.0,63835217.0,20141226
33.57,32.95,33.89,32.8,33.5,5637.0,1468300.0,59679048.0,20141229
33.98,33.78,34.51,33.67,33.97,7266.0,3778600.0,156204756.0,20141230
32.77,34.2,34.23,32.55,32.86,14158.0,4083000.0,165941797.0,20150102
31.56,32.89,32.9,31.45,31.55,13154.0,4167100.0,161453492.0,20150105
30.97,31.76,31.97,30.91,31.02,14158.0,4299600.0,162738163.0,20150106
31.27,31.18,31.76,31.15,31.31,20179.0,5793300.0,221160041.0,20150107
32.26,31.51,32.34,31.23,32.14,13894.0,4960100.0,190277050.0,20150108
32.9,31.81,32.9,31.45,32.79,10754.0,2956200.0,115195257.0,20150109
31.84,32.48,32.53,31.7,31.9,12540.0,3876500.0,150234996.0,20150112
30.91,32.18,32.18,30.84,30.84,13469.0,3839300.0,145656258.0,20150113
31.39,30.71,31.68,30.13,31.39,12113.0,2928900.0,111072421.0,20150114
30.81,31.31,31.81,30.58,30.89,13876.0,3523700.0,133000110.0,20150115
32.09,32.3,32.5,31.76,31.95,21970.0,8241700.0,322542682.0,20150116
31.31,31.99,32.72,30.94,31.31,8135.0,2305100.0,88604709.0,20150119
31.81,31.87,31.87,31.11,31.68,6502.0,1563700.0,60002380.0,20150120
32.06,32.06,32.63,31.37,32.11,11568.0,3610200.0,140862154.0,20150121
32.41,32.45,32.64,31.65,32.41,9032.0,3596100.0,141059026.0,20150122
31.56,32.46,32.46,31.46,31.57,9154.0,2668700.0,102993970.0,20150123
31.16,31.56,31.92,30.95,31.03,8226.0,2418600.0,91614449.0,20150126
32.03,31.09,32.09,30.49,31.92,14907.0,3343500.0,127764414.0,20150127
32.22,31.72,32.61,31.46,32.24,12227.0,3061300.0,119381173.0,20150128
33.11,32.3,33.54,31.56,33.29,25312.0,5204400.0,207672083.0,20150129
33.09,32.81,33.37,32.01,33.01,29265.0,8140100.0,325186643.0,20150130
32.93,32.96,33.16,32.72,32.96,15713.0,3527500.0,141182847.0,20150202
33.37,33.26,33.37,32.91,33.23,12751.0,3636300.0,146222336.0,20150203
33.97,33.36,34.01,32.98,33.96,16950.0,3639600.0,148449438.0,20150204
34.28,33.71,34.41,33.67,34.21,12576.0,4405500.0,182335360.0,20150205
34.27,34.03,34.56,33.55,34.09,20110.0,4626500.0,192289815.0,20150206
34.54,34.16,34.85,33.95,34.55,20441.0,4896800.0,204301463.0,20150209
34.93,34.09,35.01,34.09,34.86,19108.0,4373300.0,184633235.0,20150210
34.77,34.93,35.15,33.6,34.77,18692.0,3742600.0,155792263.0,20150211
35.45,34.97,35.51,34.67,35.45,15514.0,4979700.0,213150491.0,20150212
35.76,35.03,35.8,35.03,35.6,9667.0,2899400.0,124740575.0,20150213
35.57,35.8,36.26,35.45,35.54,15396.0,4090400.0,177990899.0,20150218
35.53,35.97,35.97,35.23,35.59,9598.0,3419400.0,147517243.0,20150219
35.55,35.61,35.83,35.26,35.67,6893.0,1523700.0,65688230.0,20150220
35.76,35.6,35.81,35.35,35.8,7694.0,2758800.0,119496049.0,20150223
35.73,35.74,35.96,35.36,35.87,11968.0,3728000.0,161629773.0,20150224
35.47,35.36,35.59,35.19,35.56,13507.0,2959700.0,127242930.0,20150225
36.14,35.61,36.26,35.25,36.14,8070.0,1771400.0,77021006.0,20150226
36.48,36.26,37.03,35.99,36.76,15433.0,3416300.0,151957441.0,20150227
35.92,36.45,36.59,35.9,36.1,11230.0,2393900.0,105100331.0,20150302
36.56,36.06,36.78,36.03,36.42,14054.0,2791800.0,123632461.0,20150303
36.26,36.13,36.57,35.68,36.26,15621.0,4119300.0,180549295.0,20150304
36.03,36.41,36.56,35.69,36.21,9027.0,3049300.0,133686308.0,20150305
36.26,36.21,36.34,35.88,36.22,13353.0,3074700.0,134941688.0,20150306
35.73,36.06,36.17,35.56,35.95,12549.0,3572200.0,155663393.0,20150309
36.62,35.56,36.84,35.26,36.63,20172.0,6254500.0,275454982.0,20150310
37.16,37.07,37.16,36.59,37,11864.0,5507600.0,246593690.0,20150311
36.61,37.41,37.5,36.5,36.51,11692.0,4242100.0,190459771.0,20150312
36.1,35.84,36.36,35.84,36.19,15443.0,3209900.0,140505839.0,20150313
37.06,36.41,37.24,36.29,37.06,16823.0,5230900.0,231064571.0,20150316
38,37.21,38.08,37.2,37.95,13677.0,5734700.0,259016794.0,20150317
39.41,37.91,39.48,37.62,39.32,21884.0,8093600.0,377923348.0,20150318
38.69,39.37,39.41,38.21,38.78,10846.0,2658700.0,123777336.0,20150319
38.75,38.91,39.5,38.75,38.81,14279.0,4451400.0,208895285.0,20150320
