3.81,3.93,4.08,3.79,3.8,0.0,3431800.0,0.0,20080115
3.87,3.72,3.9,3.47,3.85,0.0,5019600.0,0.0,20080130
4.01,3.86,4.28,3.73,3.99,0.0,4030800.0,0.0,20080215
4.23,4.03,4.55,4.0,4.27,0.0,3608400.0,0.0,20080229
4.11,4.27,4.36,3.92,4.1,0.0,3760700.0,0.0,20080314
4.03,3.99,4.29,3.95,4.01,0.0,4027900.0,0.0,20080331
4,4.04,4.26,3.96,4,0.0,3272500.0,0.0,20080414
3.73,4.02,4.15,3.69,3.72,0.0,3545200.0,0.0,20080429
3.98,3.77,4.13,3.69,3.99,0.0,6406700.0,0.0,20080514
3.51,3.99,4.03,3.49,3.51,14930.0,6388800.0,623016955.0,20080529
3.55,3.57,3.69,3.23,3.57,20381.0,7291600.0,811447823.0,20080612
3.13,3.59,3.62,3.13,3.14,11908.0,4089800.0,439909328.0,20080626
2.97,3.15,3.21,2.84,2.94,11792.0,4194500.0,405288448.0,20080711
2.82,3.1,3.16,2.82,2.82,15664.0,5326900.0,517978505.0,20080725
3.16,2.88,3.22,2.76,3.17,13822.0,4460500.0,430095317.0,20080808
3.14,3.17,3.25,3.02,3.14,12042.0,4238000.0,424297266.0,20080822
3.12,3.13,3.23,3.06,3.1,12137.0,3386500.0,341453484.0,20080905
3.27,3.16,3.41,2.89,3.29,20283.0,6024200.0,611936537.0,20080919
3.13,3.27,3.34,2.95,3.16,12216.0,3658400.0,376334320.0,20081003
2.99,3.06,3.19,2.35,3,25165.0,8683900.0,809067938.0,20081017
2.82,3.02,3.29,2.54,2.86,22364.0,5752900.0,535394277.0,20081031
3.33,2.84,3.52,2.79,3.3,20422.0,5777700.0,573816101.0,20081114
2.89,3.25,3.39,2.89,2.89,19497.0,5766600.0,586887853.0,20081201
3.29,2.95,3.41,2.9,3.31,16309.0,4086100.0,413989177.0,20081215
3.28,3.36,3.47,3.04,3.29,14333.0,3816500.0,397533848.0,20090102
3.07,3.2,3.31,3.02,3.09,13084.0,3995300.0,400920515.0,20090116
2.95,3.11,3.11,2.88,2.97,11411.0,2850900.0,270593031.0,20090130
3.1,2.95,3.21,2.91,3.1,13483.0,3422300.0,340850788.0,20090213
2.81,3.11,3.17,2.8,2.82,14311.0,3344800.0,322485291.0,20090303
3.16,2.89,3.18,2.84,3.16,14696.0,3531500.0,345285640.0,20090317
3.41,3.16,3.51,3.13,3.41,17193.0,3677500.0,396121055.0,20090331
3.54,3.39,3.69,3.37,3.54,16107.0,4185000.0,475321597.0,20090415
3.87,3.55,3.94,3.5,3.87,13502.0,3094000.0,365424155.0,20090430
3.79,3.89,4.01,3.75,3.79,14308.0,3902400.0,485767348.0,20090515
4.03,3.87,4.15,3.83,4.03,15217.0,4309700.0,550519523.0,20090529
3.95,4.04,4.15,3.93,3.95,14926.0,3974800.0,510218171.0,20090615
3.95,3.98,4.08,3.89,3.95,14191.0,2968700.0,378554992.0,20090629
4,3.97,4.04,3.88,3.98,14611.0,3123100.0,394599277.0,20090714
4.2,4.02,4.29,3.99,4.2,18402.0,4400400.0,583795973.0,20090728
4.22,4.17,4.35,4.13,4.22,14675.0,3044800.0,409156734.0,20090811
4.45,4.23,4.52,4.21,4.46,13394.0,2784000.0,383307797.0,20090825
4.4,4.44,4.51,4.27,4.38,11770.0,2252800.0,312517788.0,20090909
4.63,4.36,4.73,4.34,4.62,14477.0,2964200.0,422507666.0,20090923
5.06,4.66,5.06,4.53,4.95,14709.0,2730400.0,405759039.0,20091007
5.25,5.04,5.3,4.99,5.27,15144.0,2721400.0,439181859.0,20091022
5.2,5.28,5.34,4.94,5.2,17305.0,4177600.0,673099050.0,20091106
5.41,5.24,5.72,5.24,5.41,22510.0,4333100.0,736899583.0,20091123
5.52,5.37,5.53,5.26,5.52,14660.0,3744000.0,627089998.0,20091207
5.33,5.5,5.54,5.18,5.33,10858.0,2594800.0,436368164.0,20091221
5.75,5.34,5.79,5.34,5.75,9250.0,2192000.0,380630786.0,20100108
5.77,5.79,6.06,5.67,5.77,12576.0,2657200.0,480042516.0,20100122
5.37,5.75,5.82,5.34,5.41,13526.0,3037100.0,528153692.0,20100208
5.64,5.37,5.82,5.37,5.68,10032.0,2079200.0,360404569.0,20100224
5.56,5.6,5.83,5.5,5.55,13228.0,3054500.0,530459368.0,20100310
5.4,5.54,5.58,5.33,5.4,10406.0,2083000.0,350304266.0,20100324
5.4,5.36,5.49,5.28,5.42,15179.0,2887100.0,475106842.0,20100408
5.69,5.42,5.72,5.39,5.72,16062.0,3325100.0,564951300.0,20100423
5.64,5.69,5.72,5.43,5.64,16316.0,4376900.0,747082192.0,20100507
5.69,5.72,5.83,5.48,5.67,17705.0,4503900.0,788650639.0,20100521
5.75,5.67,5.81,5.54,5.79,16717.0,4781800.0,832005489.0,20100607
6.18,5.79,6.18,5.77,6.17,11813.0,3168000.0,573883946.0,20100621
5.83,6.15,6.22,5.75,5.82,13084.0,3449100.0,635222804.0,20100705
6.11,5.84,6.15,5.79,6.13,15369.0,3862400.0,709752569.0,20100720
6.16,6.17,6.34,5.88,6.17,15438.0,3620900.0,682016055.0,20100803
6.15,6.19,6.23,5.86,6.19,13367.0,2990300.0,551212804.0,20100817
6.32,6.21,6.39,6.01,6.28,13251.0,2894700.0,547640341.0,20100831
6.69,6.3,6.69,6.25,6.66,13139.0,2531900.0,496513096.0,20100915
6.92,6.67,6.92,6.54,6.92,15158.0,3115700.0,637752829.0,20100929
7.65,6.93,7.65,6.82,7.65,13912.0,2987800.0,645758306.0,20101014
7.61,7.66,8.01,7.5,7.57,23580.0,4364100.0,1011151966.0,20101028
7.72,7.68,8.07,7.61,7.73,13907.0,2893400.0,679329788.0,20101112
7.79,7.79,8.14,7.66,7.79,13659.0,2582600.0,613612429.0,20101129
8,7.82,8.07,7.59,8.04,11887.0,2342800.0,548396596.0,20101213
8.4,8,8.63,7.96,8.39,19563.0,6656300.0,557557425.0,20101228
8.18,8.4,8.75,8.13,8.16,41703.0,15818700.0,793459458.0,20110112
7.8,8.2,8.21,7.51,7.8,52778.0,19556000.0,906937551.0,20110127
7.13,7.85,7.91,7.11,7.11,45644.0,16441400.0,724989945.0,20110210
7.29,7.15,7.86,7.13,7.3,40565.0,13981900.0,623170081.0,20110224
7.74,7.39,7.99,7.27,7.76,44815.0,16620100.0,751325954.0,20110314
7.49,7.69,7.79,7.45,7.5,35479.0,12023500.0,534122249.0,20110328
7.88,7.53,8.04,7.49,7.88,34435.0,12041000.0,549821510.0,20110411
8.54,7.79,8.54,7.67,8.52,39401.0,14566900.0,690482876.0,20110427
8.59,8.47,9.02,8.25,8.59,42712.0,19273500.0,975346785.0,20110511
8.43,8.58,8.7,8.32,8.39,33541.0,11472800.0,570173737.0,20110525
8.55,8.4,8.55,8.18,8.53,34555.0,11584100.0,568754990.0,20110608
8.62,8.55,8.74,8.29,8.58,29774.0,10737300.0,534341061.0,20110622
8.88,8.62,9.12,8.5,8.91,34339.0,11236100.0,579111621.0,20110707
8.43,8.88,8.92,8.24,8.38,36647.0,14403600.0,711126251.0,20110721
7.7,8.35,8.46,7.69,7.73,50878.0,18481300.0,858671834.0,20110804
8.9,7.89,8.99,7.6,8.91,75280.0,24686000.0,1190366390.0,20110818
9.45,8.86,9.89,8.73,9.44,63723.0,19879000.0,1065183051.0,20110901
9.62,9.41,9.62,9.09,9.6,53285.0,15866200.0,865621543.0,20110916
9.78,9.5,10.06,9.45,9.76,61034.0,17987700.0,1012239354.0,20110930
9.98,9.75,10.13,9.59,9.99,61544.0,16720000.0,942577530.0,20111017
10.05,10.01,10.42,9.9,10.05,58725.0,16409900.0,953224361.0,20111031
10.25,9.98,10.39,9.9,10.23,46764.0,14458900.0,835120719.0,20111116
10.72,10.25,10.76,9.95,10.72,41429.0,11272100.0,664240746.0,20111130
11.44,10.66,11.49,10.64,11.39,53372.0,13956000.0,888598893.0,20111214
11.66,11.47,11.88,11.39,11.63,41763.0,10980200.0,729565721.0,20111228
11.2,11.66,11.92,10.99,11.2,46269.0,14521600.0,940194299.0,20120112
11.16,11.2,11.54,11.11,11.18,48222.0,13486400.0,872264404.0,20120127
11.2,11.11,11.54,10.88,11.2,47746.0,12873600.0,828211059.0,20120210
12.03,11.23,12.14,11.19,11.99,56714.0,14849500.0,985853358.0,20120228
13.34,12.07,13.38,12.03,13.35,50503.0,12091400.0,858746862.0,20120313
14.03,13.3,14.4,12.97,14.02,53587.0,12909100.0,984436864.0,20120327
13.71,14.03,14.09,12.97,13.71,57673.0,14609200.0,1107023522.0,20120411
14.61,13.76,14.85,13.68,14.56,53706.0,12887600.0,1036031134.0,20120425
13.7,14.55,14.68,13.66,13.76,57626.0,15334600.0,1223411253.0,20120510
13.47,13.74,13.93,13.18,13.47,67396.0,17498800.0,1345641019.0,20120524
13.25,13.43,13.68,12.76,13.25,71340.0,17449800.0,1303689092.0,20120608
13.43,13.3,14.13,13.02,13.42,86953.0,21233900.0,1611166275.0,20120622
13.77,13.25,14.09,13.25,13.77,56898.0,12063500.0,925097636.0,20120706
13.51,13.65,13.8,13.08,13.49,56188.0,10345800.0,778640441.0,20120723
14.1,13.62,14.46,13.12,14.15,65559.0,13166300.0,1028781188.0,20120806
13.56,14.23,14.32,13.53,13.56,51294.0,11675800.0,902046265.0,20120820
13.72,13.63,13.84,13.19,13.72,51158.0,11454200.0,865051798.0,20120903
13.64,13.6,13.98,13.3,13.63,66401.0,17193400.0,1314258974.0,20120918
14.37,13.61,14.39,13.52,14.36,61588.0,15210400.0,1184017208.0,20121002
15.17,14.35,15.2,14.28,15.2,52912.0,14362700.0,1181348917.0,20121017
14.88,15.16,15.37,14.58,14.88,41265.0,12928500.0,1078454604.0,20121031
15.11,15.09,15.21,14.45,15.06,52869.0,12240000.0,1009113749.0,20121119
15.79,15.03,16.18,15.03,15.74,60400.0,13896100.0,1206881151.0,20121204
16.06,15.78,16.09,15.45,16.04,61922.0,17407500.0,1533152446.0,20121218
15.63,16.06,16.1,15.21,15.63,49348.0,12086700.0,1046253227.0,20130107
16.64,15.66,16.78,15.6,16.65,46321.0,10481100.0,930034162.0,20130121
16.91,16.63,17.15,16.45,16.9,54043.0,14735800.0,1361657563.0,20130205
16.33,16.94,17.03,16.16,16.36,43985.0,11684900.0,1068039091.0,20130221
16.13,16.38,16.69,15.51,16.08,72833.0,17626900.0,1555574274.0,20130307
15.5,16.14,16.28,15.31,15.52,63085.0,15615800.0,1345858832.0,20130321
15.04,15.49,15.64,14.89,15.04,57997.0,15512500.0,1299832948.0,20130405
14.58,15.11,15.23,14.05,14.56,66764.0,19934500.0,1600787174.0,20130419
15.11,14.57,15.27,13.93,15.11,77529.0,20928900.0,1686387304.0,20130506
15.79,15.05,16.11,14.96,15.73,71188.0,18049100.0,1549540396.0,20130520
14.53,15.83,15.95,14.4,14.51,76628.0,22363000.0,1847058334.0,20130604
14.21,14.53,14.65,13.84,14.28,71703.0,20312000.0,1597218066.0,20130618
14.79,14.19,15.38,13.71,14.81,90169.0,21815300.0,1731896438.0,20130702
14.94,14.78,15.27,14.66,14.92,53296.0,12028400.0,989671747.0,20130717
15.54,14.9,15.69,14.51,15.64,56301.0,13836300.0,1140742301.0,20130731
15.64,15.68,16.16,15.27,15.55,85066.0,19726100.0,1698997658.0,20130814
14.62,15.47,16.01,14.54,14.62,96902.0,20487900.0,1710239274.0,20130828
15.47,14.66,15.47,14.6,15.45,98719.0,24909700.0,2055501511.0,20130911
15.84,15.47,16.15,15.25,15.82,67572.0,15598500.0,1334724983.0,20130925
15.34,15.95,16.14,15.21,15.34,56387.0,12980000.0,1105313197.0,20131009
15.57,15.39,16.03,15.25,15.52,65762.0,15199800.0,1296304506.0,20131023
15.44,15.58,15.75,14.99,15.43,87534.0,20124500.0,1688527084.0,20131106
16.34,15.39,16.68,15.32,16.36,187156.0,85123500.0,2190904428.0,20131122
15.76,16.38,16.61,15.51,15.73,158804.0,98970300.0,1696060829.0,20131206
15.83,15.77,15.95,15.2,15.82,170295.0,75330100.0,1260402012.0,20131220
15.96,15.91,16.46,15.48,16,177512.0,98986500.0,1694644708.0,20140109
15.84,16.01,16.39,15.73,15.82,159557.0,80394000.0,1364885244.0,20140123
15.34,15.89,15.92,14.41,15.28,215304.0,112604900.0,1794705584.0,20140206
15.76,15.28,15.93,14.98,15.72,192024.0,80319100.0,1311542945.0,20140220
15.85,15.68,16.19,15.54,15.87,213313.0,86897200.0,1456049922.0,20140310
16,15.86,16.3,15.45,15.96,250162.0,95275000.0,1586865966.0,20140324
16.18,16.04,16.68,15.78,16.18,250496.0,109526300.0,1860244417.0,20140407
16.89,16.33,17.1,15.92,16.91,239821.0,101340200.0,1742260464.0,20140423
15.6,16.95,16.96,15.27,15.63,320740.0,162036300.0,2674391379.0,20140508
16.02,15.6,16.32,15.5,16.02,226610.0,92797500.0,1535336020.0,20140522
15.35,15.96,15.98,15.19,15.32,173258.0,85529800.0,1384219965.0,20140605
14.99,15.62,15.8,14.79,15.01,208167.0,107862400.0,1729395820.0,20140623
15.34,15,15.66,14.85,15.38,169804.0,83349900.0,1316454519.0,20140707
15.94,15.39,16.17,14.85,15.94,242786.0,138397500.0,2217051672.0,20140722
14.8,15.8,16.09,14.77,14.81,216228.0,100657000.0,1616825037.0,20140805
15.76,14.82,15.79,14.51,15.77,236486.0,132041300.0,2077917918.0,20140819
15.43,15.67,16.22,15.29,15.44,231034.0,114780300.0,1874001731.0,20140902
15.62,15.42,15.96,14.91,15.61,275377.0,115636300.0,1845475865.0,20140916
15.42,15.79,16.0,15.27,15.42,272233.0,126935300.0,2062874301.0,20140930
15.48,15.3,16.36,14.78,15.49,290447.0,146776700.0,2368602172.0,20141014
15.2,15.34,15.66,14.45,15.24,351828.0,211978100.0,3297697631.0,20141028
15.63,15.18,16.26,14.96,15.59,223744.0,131104400.0,2105261205.0,20141111
16.35,15.61,17.1,15.37,16.3,249366.0,130023700.0,2143926164.0,20141126
15.47,16.24,16.61,15.01,15.45,226767.0,108805600.0,1736276680.0,20141210
15.89,15.49,16.16,14.71,15.87,247876.0,120723200.0,1905696926.0,20141226
16.57,15.88,16.85,15.32,16.54,210273.0,135612600.0,2215557805.0,20150113
16.82,16.39,17.25,16.39,16.84,184579.0,90663000.0,1534422151.0,20150127
17.88,16.69,18.04,16.64,17.9,221851.0,116941500.0,2054300064.0,20150210
18.33,17.81,18.44,17.52,18.24,182574.0,96575300.0,1757928520.0,20150226
17.96,18.15,18.72,17.28,17.96,212286.0,113534500.0,2068561150.0,20150312
18.59,17.51,18.82,17.42,18.58,134290.0,72953400.0,1337571876.0,20150320
