38.57,35.11,39.83,33.9,38.57,987.0,2331500.0,84916931.0,20081215
40.32,39.37,40.49,36.43,40,1061.0,2445800.0,95380848.0,20090102
39.49,40.2,42.47,36.93,39.18,846.0,1779500.0,72084154.0,20090116
39.6,39.71,40.9,36.8,39.47,601.0,1582700.0,61665429.0,20090130
41.85,38.68,43.29,38.5,41.59,622.0,974300.0,40272107.0,20090213
36.77,41.16,41.99,35.73,36.55,706.0,889100.0,33829625.0,20090303
39.79,37.85,39.79,36.4,39.38,706.0,1464700.0,56362621.0,20090317
40.57,39.7,42.7,38.82,40.86,776.0,3081400.0,128070674.0,20090331
45.5,40,46.34,40.0,44.93,824.0,4002100.0,177132873.0,20090415
48.1,45.7,48.1,44.07,47.44,887.0,4024400.0,183943148.0,20090430
49,48.5,52.8,48.1,48.86,1230.0,4033200.0,200156404.0,20090515
53.1,49.27,54.0,49.27,52.74,1081.0,3673900.0,187163657.0,20090529
51.98,53.52,54.85,51.0,51.8,2211.0,3808000.0,201157183.0,20090615
52.02,51.96,52.18,48.79,51.89,2058.0,4321100.0,218704334.0,20090629
48.7,52.1,52.2,48.03,48.55,1772.0,4232500.0,211378528.0,20090714
54.5,50,54.5,46.26,54.05,1898.0,3266200.0,171884320.0,20090728
55.58,54.15,56.54,52.9,55.6,1612.0,1572000.0,86277561.0,20090811
57.3,55.31,58.25,54.55,57.11,2641.0,4238000.0,238975253.0,20090825
57.6,57,57.81,54.92,57.6,2097.0,3462600.0,195605270.0,20090909
60.2,57.21,61.69,57.11,60.2,2765.0,3995900.0,238187147.0,20090923
62.4,60.99,62.85,59.2,62.34,3376.0,4300300.0,260069506.0,20091007
65.95,62.85,67.27,62.6,65.76,2302.0,2969900.0,193051907.0,20091022
63.95,67,67.0,59.7,64.49,2693.0,2994100.0,188239903.0,20091106
66.35,64.81,67.58,63.66,66,2404.0,2313900.0,151907192.0,20091123
68.16,66.65,69.16,64.05,67.88,1715.0,2652400.0,178704124.0,20091207
66.5,67.15,69.99,65.71,65.85,1724.0,1632200.0,110377266.0,20091221
69.48,65.61,70.32,65.61,69.75,2698.0,1672600.0,114418055.0,20100108
65.59,70.24,70.46,64.91,65.37,2890.0,3438500.0,231953510.0,20100122
62.6,65.05,66.95,60.76,62.68,4174.0,3151900.0,201938649.0,20100208
65.6,63.7,67.6,63.63,65.22,4715.0,3250000.0,213645011.0,20100224
69.7,64.7,69.81,64.0,69.16,3408.0,2117100.0,142348488.0,20100310
68.28,69.13,70.05,67.3,68.17,4855.0,2929400.0,201419130.0,20100324
71.3,68.99,71.3,67.36,71.18,5045.0,2545000.0,177276462.0,20100408
68.95,71.3,71.3,67.47,69,6379.0,3402500.0,235985958.0,20100423
62.5,69,69.15,60.5,62.3,5710.0,4943200.0,323681236.0,20100507
60.2,65.59,65.7,57.0,59.81,6965.0,3414700.0,209784654.0,20100521
60.45,60.1,62.7,57.23,60.55,6015.0,3293100.0,200123918.0,20100607
64.4,60.9,65.0,60.43,64.39,5046.0,3391600.0,212968863.0,20100621
60.39,64.36,65.17,59.49,60.51,3993.0,2730900.0,170199925.0,20100705
63.8,61.11,63.89,60.76,63.88,3685.0,3231900.0,202182533.0,20100720
67.63,64.2,68.85,63.54,67.52,6397.0,3201000.0,211288522.5,20100803
67.15,67.73,68.05,64.09,66.73,7286.0,3926370.0,260674099.3,20100817
64.5,67.21,67.21,63.29,64.52,5373.0,3418580.0,221843998.2,20100831
67.6,64.7,67.6,64.7,67.5,7156.0,2942550.0,195190393.1,20100915
68.8,67.27,68.89,66.3,68.61,11822.0,4840870.0,328136210.9,20100929
71.07,68.8,71.35,68.32,70.85,7209.0,3584550.0,250497007.6,20101014
70.03,71.1,71.29,68.22,69.83,7886.0,4530220.0,315561665.8,20101028
69.64,69.8,72.4,69.21,69.63,7611.0,2854190.0,202434543.0,20101112
67.33,69.2,70.4,66.4,67.15,11143.0,5054660.0,348114090.0,20101129
68.7,67.49,69.82,66.5,68.54,13513.0,3309450.0,225346806.6,20101213
67.38,68.2,68.43,66.2,67.34,11649.0,4862160.0,327266675.6,20101228
71,68.27,71.0,67.54,70.82,7780.0,3505540.0,244168888.0,20110112
67.3,70.71,71.1,67.05,67.3,7078.0,4058810.0,279179448.6,20110127
63.85,67.3,67.35,63.24,63.95,10694.0,4655190.0,303910678.1,20110210
66.34,64.11,67.5,63.85,66.4,15728.0,7065480.0,467580913.5,20110224
66.4,67.59,67.59,64.81,66.4,14079.0,4421750.0,293167389.1,20110314
66.39,64.7,67.45,64.11,66.5,13139.0,6673060.0,441235591.5,20110328
67.29,66.62,69.27,66.25,67.25,9748.0,5199580.0,354575765.6,20110411
65.4,66.9,67.15,64.0,65.5,15616.0,6498740.0,426963999.8,20110427
62.95,65.49,65.5,62.18,62.81,11439.0,4686380.0,300211444.4,20110511
62.6,62.5,63.51,60.88,62.6,9648.0,4110360.0,257299513.4,20110525
62.3,62.72,64.15,61.87,62.08,10369.0,3106440.0,195871554.7,20110608
60.32,62.15,62.93,59.77,60.57,11975.0,4349440.0,264912514.2,20110622
61.41,60.55,63.0,59.99,61.43,8403.0,3580830.0,220313135.3,20110707
59.5,61.02,61.14,57.86,59.62,13982.0,4481830.0,265195402.7,20110721
52.05,59.58,59.99,51.93,52.17,19385.0,7378740.0,419127297.9,20110804
52.41,52.15,54.3,47.11,52.06,37306.0,13796930.0,700822173.3,20110818
57.27,51.24,57.84,51.16,57.45,31435.0,9292100.0,498651349.6,20110901
56.45,56.45,57.49,53.0,56.4,34259.0,10729310.0,596618060.2,20110916
51.6,55.3,56.9,51.25,51.54,33920.0,12245560.0,658633224.7,20110930
53.12,51.15,54.48,48.75,53.08,34262.0,12707860.0,654856251.6,20111017
57.57,53.23,59.09,52.51,57.92,35123.0,11743230.0,656413752.3,20111031
57.68,55.68,58.8,55.07,57.79,32784.0,10327600.0,591916709.2,20111116
56.18,57.41,57.79,53.81,55.95,49618.0,14067100.0,780641570.4,20111130
55.75,57.1,58.73,55.75,56.05,38947.0,10607850.0,607573885.0,20111214
55.65,56.44,57.36,54.5,55.6,31135.0,9424780.0,525710252.6,20111228
59.1,55.7,59.68,55.49,59.13,22280.0,6048210.0,351406248.1,20120112
62.03,58.65,62.82,57.97,61.97,32197.0,13274090.0,806481578.4,20120127
63.05,61.4,65.71,61.05,63.07,39409.0,16188120.0,1031424611.2,20120210
65,64,65.51,63.67,65.05,32637.0,14739860.0,953774083.8,20120228
67.3,65.03,67.38,63.91,67.35,30777.0,17293230.0,1133606814.3,20120313
64.91,67.6,67.93,64.56,64.99,22966.0,14346610.0,946329985.8,20120327
60.33,64.84,64.91,60.33,60.41,34603.0,21954800.0,1380039548.1,20120411
60.94,60.85,62.5,60.01,60.78,32650.0,22432050.0,1378115644.9,20120425
58.78,60.3,62.9,58.25,58.7,44818.0,24394500.0,1466752780.3,20120510
53.31,58.34,59.4,52.18,53.38,73918.0,39017930.0,2133324323.4,20120524
53.65,53,54.92,51.72,53.48,42089.0,22916210.0,1217651752.1,20120608
54.6,54.46,56.86,53.05,54.74,42345.0,31852390.0,1754949901.9,20120622
54.59,53.72,56.0,51.45,54.17,27032.0,13551640.0,727147333.8,20120706
52.24,54.61,54.68,51.31,52.24,27137.0,13620380.0,722614301.4,20120723
57.37,52.11,58.0,51.43,57.6,39121.0,20108280.0,1099494814.8,20120806
58.3,57.88,58.8,56.65,58.39,30744.0,15717320.0,908634570.3,20120820
56.23,58.8,59.23,55.55,56.3,43008.0,16725400.0,957251902.3,20120903
60.72,56.18,62.32,55.17,60.75,53975.0,18148490.0,1072199038.8,20120918
58.15,60.91,61.41,57.8,58.19,36933.0,15490030.0,921870382.0,20121002
59.4,58.17,59.9,57.0,58.91,34427.0,14448640.0,839963684.9,20121017
56.04,58.99,58.99,55.5,55.96,38701.0,16892330.0,963729605.8,20121031
55.26,56.49,58.46,54.08,55.43,31514.0,15547930.0,874435350.4,20121119
56.45,55.55,57.42,54.63,56.53,29804.0,16061370.0,900162621.6,20121204
59.3,56.91,59.39,56.03,59.33,33992.0,20024810.0,1160986096.6,20121218
60.75,59.47,62.21,59.09,60.71,38235.0,18571780.0,1119073267.0,20130107
60.75,60.75,61.3,59.87,60.75,27520.0,12084630.0,731318921.4,20130121
58.16,60.7,61.11,57.98,58.22,27991.0,14854290.0,878315041.6,20130205
54.83,58.12,58.48,54.32,54.73,36647.0,14515720.0,821207069.1,20130221
57.58,55.4,58.25,54.83,57.63,49507.0,19652290.0,1098607747.0,20130307
54.46,57.41,57.85,54.25,54.49,38549.0,18151990.0,1015558890.8,20130321
54.08,54.98,55.28,52.79,54.14,32914.0,14356880.0,776300616.4,20130405
52.73,53.99,55.89,51.35,52.84,42398.0,19911870.0,1059926827.1,20130419
54.27,52.72,55.15,52.32,54.8,56832.0,19057770.0,1028405669.2,20130506
54.57,54.31,55.65,53.25,54.55,44314.0,14850260.0,803835918.1,20130520
52.86,54.6,55.94,51.87,52.92,42700.0,13751640.0,742326269.3,20130604
48.35,52.53,53.16,47.44,48.52,51689.0,23597570.0,1171625864.9,20130618
44.2,48.5,48.7,43.9,44.39,72928.0,34707700.0,1604057560.1,20130702
46.57,44,46.85,43.23,46.44,40626.0,22752710.0,1024956867.2,20130717
47.32,46.44,48.69,46.0,47.4,39768.0,19304240.0,919316455.7,20130731
49.7,47.91,50.43,46.23,49.77,59985.0,24464820.0,1183237498.2,20130814
49.19,48.99,51.49,48.66,49,51527.0,21513330.0,1072477471.1,20130828
52.39,49.31,53.48,48.62,52.25,70854.0,23342440.0,1184096762.2,20130911
53.03,52.4,54.74,51.72,52.95,33269.0,13283580.0,704822118.8,20130925
51.49,52.85,53.04,50.75,51.55,31556.0,10706860.0,553372479.7,20131009
54.15,51.96,55.5,51.41,54.31,36496.0,15155120.0,816492946.1,20131023
52.13,54.66,54.66,51.89,52.18,33301.0,15625420.0,827630803.5,20131106
51.67,52.04,53.1,50.13,52.2,24320.0,11111990.0,572314572.8,20131122
49.86,51.79,51.9,48.95,49.69,29139.0,13290660.0,669893337.4,20131206
49.91,50.1,50.48,48.7,49.8,26416.0,13110690.0,647496169.7,20131220
48.14,50.27,50.78,48.1,48.17,19933.0,11024010.0,547476682.0,20140109
47.18,48.14,49.29,47.18,47.25,38317.0,10352460.0,499454999.9,20140123
46.67,47,47.36,45.01,46.67,43670.0,18700440.0,864640534.3,20140206
46.14,46.83,47.74,45.01,46.31,44121.0,18377480.0,854992870.2,20140220
44.28,46.3,46.81,44.05,44.42,79020.0,12954200.0,592014309.9,20140310
46.96,44.66,46.96,43.77,46.75,48355.0,19922320.0,897998494.3,20140324
50.85,47.07,51.0,46.75,50.79,50379.0,16942550.0,832973742.9,20140407
50.21,51.54,52.09,48.68,50.3,56393.0,31655610.0,1590020426.6,20140423
51.99,50.25,52.9,49.55,52.1,52041.0,18396530.0,939379765.6,20140508
51.54,52.16,53.09,50.75,51.48,37391.0,15910950.0,828313637.5,20140522
50.2,51.5,52.0,49.98,50.22,61407.0,15384120.0,781418513.2,20140605
52.76,51.8,53.99,51.31,52.77,54923.0,16208940.0,857212016.2,20140623
52.33,52.73,53.55,51.28,52.4,35637.0,10730950.0,559773707.4,20140707
56.45,52.33,56.61,52.01,56.54,39980.0,15613690.0,849852206.4,20140722
54.64,56,56.92,53.81,54.75,51760.0,13164510.0,729076325.9,20140805
56.87,54.66,56.96,53.67,56.81,78002.0,14445710.0,793862691.4,20140819
60.17,56.87,60.66,56.58,60.24,65809.0,11721310.0,689813505.3,20140902
57.51,60.48,60.68,55.15,57.71,56120.0,14816180.0,852875782.6,20140916
52.64,58.12,58.43,52.09,52.8,63410.0,20194970.0,1106022373.8,20140930
56.34,51.92,57.74,51.04,56.54,65418.0,25654580.0,1406721720.9,20141014
50.82,55.17,55.28,46.71,50.92,91730.0,41470900.0,2134040701.0,20141028
50.94,50.98,52.98,49.11,50.87,72714.0,19738310.0,1017474898.9,20141111
53.64,50.87,55.75,49.1,53.54,58599.0,26004960.0,1369333950.2,20141126
48.05,53.9,54.51,47.92,48.45,45379.0,15688260.0,796596520.3,20141210
48.63,48.12,49.8,44.13,48.79,66437.0,19705140.0,925312685.8,20141226
46.64,48.52,49.55,45.99,46.8,85583.0,23157080.0,1102138119.6,20150113
47.34,46.2,48.99,46.07,47.12,58534.0,20953260.0,990200019.1,20150127
47.16,46.58,48.42,45.22,47.69,120227.0,22332770.0,1043849910.9,20150210
50.31,47.28,50.81,46.54,50.39,116950.0,19191300.0,941118083.8,20150226
47.45,50.07,51.07,46.95,47.55,115590.0,23914830.0,1165074109.9,20150312
49.11,47.08,50.86,46.38,49.3,60132.0,35089500.0,1728715830.1,20150326
52.65,49.05,52.99,48.42,52.8,53051.0,28301200.0,1450961789.0,20150410
53.96,52.53,55.38,52.02,54,53181.0,19563490.0,1039539859.4,20150427
55.18,54.24,56.9,53.33,0,47375.0,18769040.0,1026608954.8,20150512
52.24,55.1,56.09,52.03,52.07,27846.0,9821910.0,518783404.8,20150526
52.35,52.24,52.79,51.1,52.23,76830.0,26053880.0,1349846539.6,20150610
52.25,52.61,52.85,51.06,52.28,51531.0,19277290.0,1002876872.3,20150624
50.22,52.31,52.56,49.67,50.27,55763.0,20180860.0,1035178528.6,20150708
48.24,51.16,51.91,48.2,48.35,35099.0,15380640.0,776564283.2,20150723
47.78,48.16,48.4,47.2,47.55,4768.0,1761670.0,83849098.8,20150724
