9.75,9.17,9.87,8.92,9.73,174143.0,375125400.0,6447695232.0,20090713
9.2,9.78,10.26,9.14,9.17,70555.0,96317200.0,1727266898.0,20090727
9.52,9.16,10.18,9.14,9.52,58281.0,67465800.0,1182580511.0,20090810
9.47,9.5,9.53,8.9,9.47,41877.0,53716800.0,913449749.0,20090824
8.97,9.47,9.57,8.66,8.99,51941.0,53122900.0,871523902.0,20090908
9.88,9,10.29,8.67,9.86,77148.0,60069600.0,1021437637.0,20090922
9.82,9.9,10.0,9.27,9.83,37060.0,37775100.0,665699395.0,20091006
9.58,9.76,10.11,9.29,9.62,53270.0,55336500.0,979501991.0,20091021
9.25,9.67,9.71,8.38,9.29,47047.0,43184800.0,714514988.0,20091105
8.55,9.28,9.37,8.34,8.5,45104.0,51674900.0,843956963.0,20091119
8.38,8.72,9.3,8.27,8.38,65533.0,75138900.0,1205849994.0,20091204
7.92,8.45,8.45,7.32,7.93,93933.0,115847300.0,1674387747.0,20091218
8.81,8.01,8.88,8.0,8.81,36168.0,38212500.0,588098686.0,20100107
8.05,8.81,8.97,7.88,8.02,30466.0,31613300.0,478858629.0,20100121
7.98,7.95,8.57,7.64,7.94,45499.0,39396100.0,591196098.0,20100205
7.82,8.03,8.05,7.51,7.82,42362.0,40328100.0,566561564.0,20100223
8.15,7.82,8.22,7.58,8.14,35125.0,31970400.0,464005703.0,20100309
9.47,8.18,9.72,8.04,9.52,50417.0,46942900.0,736585832.0,20100323
8.9,9.45,9.79,8.87,8.91,46554.0,45809600.0,760668115.0,20100407
9.71,8.84,9.75,8.79,9.69,39284.0,26702600.0,430798366.0,20100422
9.32,9.71,9.79,9.15,9.44,58434.0,55899000.0,940725292.0,20100506
8.42,9.47,10.29,8.28,8.49,70069.0,69119000.0,1142953473.0,20100520
8.74,8.48,9.17,8.19,8.74,41216.0,31317100.0,479708516.0,20100604
9.5,8.72,9.84,8.72,9.48,41144.0,23922300.0,398780640.0,20100618
8.51,9.62,9.75,8.42,8.5,38279.0,25032200.0,397642085.0,20100702
9.12,8.52,9.48,8.19,9.15,42778.0,28342300.0,450200015.0,20100719
8.92,9.12,9.16,8.58,8.93,60404.0,43121600.0,672705474.0,20100802
8.99,8.97,9.28,8.74,8.99,40582.0,31611000.0,501027924.0,20100816
8.57,9.02,9.14,8.3,8.57,37360.0,29722000.0,456094361.0,20100830
8.8,8.55,8.84,8.42,8.77,39469.0,31242600.0,475189823.0,20100914
8.83,8.77,9.08,8.53,8.83,72288.0,50873300.0,756035782.0,20100928
9.02,8.86,9.07,8.49,8.97,66325.0,47018700.0,700062231.0,20101013
8.71,9.05,9.14,8.24,8.72,59600.0,42736300.0,624566861.0,20101027
8.65,8.6,8.86,8.37,8.67,52874.0,39354200.0,572039768.0,20101111
8.52,8.63,8.92,8.42,8.52,41381.0,20591000.0,303152687.0,20101126
8.27,8.47,9.15,8.18,8.26,65125.0,41871000.0,614739465.0,20101210
7.77,8.32,8.36,7.67,7.77,41613.0,25521500.0,347115396.0,20101227
7.69,7.82,8.11,7.62,7.67,34765.0,27770500.0,366307965.0,20110111
7.62,7.71,7.72,7.26,7.6,36939.0,40222700.0,515402416.0,20110126
6.56,7.63,7.67,6.51,6.57,59358.0,46947600.0,553254093.0,20110209
7.92,6.62,8.11,6.59,7.92,61666.0,56629700.0,703664119.0,20110223
8.35,7.89,8.49,7.47,8.31,49643.0,29186700.0,394465107.0,20110311
8.63,8.71,9.0,8.15,8.63,40981.0,29758000.0,408891017.0,20110325
8.52,8.61,9.08,8.24,8.52,45389.0,32015100.0,449200928.0,20110408
8.55,8.55,8.77,8.18,8.54,45700.0,26290600.0,361694837.0,20110426
9.86,8.55,10.24,8.49,9.85,73923.0,58927000.0,791847042.0,20110510
9.72,9.8,9.97,9.22,9.71,57324.0,33618000.0,434559254.0,20110524
9.67,9.7,9.99,9.48,9.74,46887.0,19285300.0,434112075.0,20110607
9.43,9.7,9.92,9.27,9.44,28965.0,12588000.0,490591012.0,20110621
9.61,9.43,9.83,9.23,9.62,30150.0,9189900.0,353968410.0,20110706
10.01,9.72,10.11,9.5,9.96,38953.0,11554800.0,461813293.0,20110720
10.77,10.06,10.98,9.93,10.82,54850.0,15707600.0,664810829.0,20110803
9.7,10.69,10.8,9.59,9.7,72180.0,28074700.0,1145473707.0,20110817
10.17,9.63,10.24,9.42,10.17,55504.0,16939100.0,670389212.0,20110831
10.97,10.26,11.0,10.14,10.92,57749.0,19254100.0,818843872.0,20110915
10.64,11.05,11.34,10.51,10.67,56854.0,15638700.0,674716004.0,20110929
11.22,10.62,11.64,10.29,11.21,68020.0,19726800.0,851798729.0,20111014
11.54,11.09,11.95,10.92,11.58,46000.0,12270300.0,557215848.0,20111028
12.27,11.55,12.27,11.19,12.27,40171.0,10748600.0,503475007.0,20111114
11.87,12.27,12.65,11.37,11.89,53579.0,15583300.0,730890417.0,20111129
11.89,12.1,12.51,11.53,11.89,60858.0,17569000.0,832169319.0,20111213
12.07,11.95,12.22,11.68,12.07,57424.0,15192600.0,717957000.0,20111227
12.37,12.11,12.44,12.0,12.34,57613.0,12942500.0,624036830.0,20120111
12.91,12.35,13.16,12.25,12.91,55103.0,12917100.0,651676974.0,20120126
14.12,12.93,14.72,12.85,14.14,94496.0,33085900.0,1813335498.0,20120209
15.15,14.12,15.27,13.69,15.13,64707.0,20539200.0,1186086848.0,20120227
15.54,15.15,16.3,15.06,15.54,53208.0,15318500.0,952398929.0,20120312
15.58,15.54,15.68,15.17,15.59,37922.0,11842100.0,713025070.0,20120326
16.65,15.69,17.14,15.6,16.62,34849.0,11550500.0,724980618.0,20120410
15.95,16.65,17.07,14.83,15.96,52121.0,16366900.0,986100353.0,20120424
18.07,16.15,18.45,16.02,18.08,67389.0,24194800.0,1365493066.0,20120509
16.23,18.07,18.72,15.76,16.18,79307.0,20854000.0,1172249841.0,20120523
17.67,15.88,17.67,15.66,17.67,66657.0,18808500.0,1004346822.0,20120606
17.47,17.74,18.12,16.06,17.52,76964.0,23079100.0,1295759074.0,20120621
18.56,17.54,18.8,17.14,18.67,54969.0,13814000.0,809542621.0,20120705
19.72,18.5,19.87,18.17,19.68,58075.0,14432400.0,882992376.0,20120720
19.17,19.52,19.68,18.29,19.16,75103.0,17579300.0,1074101194.0,20120803
18.62,19.21,19.79,18.47,18.59,51983.0,13092400.0,798828043.0,20120817
18.67,18.53,19.18,17.67,18.68,60555.0,16218900.0,963434573.0,20120831
18.44,18.6,19.18,18.13,18.44,66723.0,18752700.0,1117987039.0,20120917
15.92,18.38,19.65,15.62,15.99,109953.0,36689200.0,2000831594.0,20121001
16.02,16.17,16.94,15.74,16.02,83925.0,28247700.0,1452353522.0,20121016
16.32,16.15,16.82,14.17,16.3,98697.0,43938000.0,2108844762.0,20121030
17.4,16.5,17.53,15.77,17.49,63708.0,19445500.0,1034882448.0,20121116
17.55,17.32,18.43,17.11,17.54,56472.0,16592900.0,921527666.0,20121203
17.35,17.52,17.72,17.02,17.36,62002.0,18969200.0,1036165393.0,20121217
18.71,17.41,18.78,17.1,18.73,49377.0,18266600.0,1030897634.0,20130104
17.38,18.55,18.91,17.12,17.38,68933.0,24602100.0,1376149583.0,20130118
18.35,17.35,18.49,17.27,18.32,60606.0,17893500.0,999300879.0,20130204
18.04,18.35,18.5,17.2,18.09,79669.0,23157600.0,1301251391.0,20130220
18.86,18.19,19.39,17.9,18.9,83632.0,25231700.0,1491809271.0,20130306
18.58,19.03,19.04,17.89,18.61,71233.0,25084000.0,1451641235.0,20130320
19.24,18.62,19.6,18.29,19.22,55154.0,19028100.0,1106013174.0,20130404
20.5,19.35,20.78,19.19,20.63,68892.0,21646800.0,1347877310.0,20130418
21.05,20.71,21.62,19.84,21.07,73164.0,21431100.0,1240964003.0,20130503
20.54,21.17,22.23,20.2,20.53,68316.0,26145000.0,1418916252.0,20130517
21.61,20.42,21.75,20.2,21.54,75342.0,23128200.0,1243150585.0,20130603
20.78,21.61,22.05,20.28,20.73,71047.0,18822500.0,1012529428.0,20130617
22.01,20.52,22.16,19.75,22.01,80145.0,20016000.0,1068368050.0,20130701
22.11,21.97,22.24,21.22,22.22,54606.0,15918500.0,887337094.0,20130716
21.68,22.24,22.24,21.27,21.68,46200.0,12881100.0,713651616.0,20130730
22,21.62,22.21,21.27,22,58844.0,13574900.0,757897562.0,20130813
22.71,21.98,23.03,21.57,22.72,78802.0,22251000.0,1268478564.0,20130827
22.44,22.69,23.3,21.38,22.44,81064.0,23671200.0,1363365953.0,20130910
22.77,22.44,23.61,22.05,22.76,59015.0,18192700.0,1049770054.0,20130924
24.96,22.74,25.54,22.35,24.96,67748.0,17238800.0,1050980674.0,20131008
25.91,24.96,26.83,24.67,25.94,66809.0,22971300.0,1499440246.0,20131022
26.51,25.96,27.45,25.66,26.51,54099.0,14025500.0,937621228.0,20131105
26.51,26.51,27.29,25.72,26.44,65397.0,15072500.0,998902265.0,20131121
26.26,26.31,27.06,26.06,26.31,47817.0,11158200.0,744374906.0,20131205
26.14,26.49,26.61,25.23,26.16,62214.0,18430800.0,1204304280.0,20131219
26.89,26.14,27.37,25.87,27.06,53640.0,18344300.0,1228645163.0,20140108
26.3,27.06,27.11,25.78,26.18,46574.0,14960500.0,999084503.0,20140122
24.83,26.3,26.51,24.66,24.89,73512.0,19762600.0,1258440820.0,20140205
25.86,24.93,26.48,24.71,25.91,71992.0,16301900.0,1060256409.0,20140219
26.05,25.75,26.11,25.15,26.04,62346.0,13973800.0,901728925.0,20140307
28.48,25.94,28.83,25.94,28.47,66883.0,16466500.0,1123828406.0,20140321
28.98,28.47,30.46,28.29,28.96,87407.0,29682500.0,1454290838.0,20140404
31.6,29.26,31.61,28.79,31.56,92382.0,30431600.0,1118819378.0,20140422
31.58,31.66,33.23,30.66,31.55,111984.0,37625500.0,1469001367.0,20140507
31.62,31.61,32.08,30.66,31.52,88303.0,22249700.0,863473041.0,20140521
33.52,31.76,33.83,31.59,33.51,76904.0,22000900.0,889640169.0,20140604
36.44,33.38,36.79,33.32,36.47,94845.0,26491700.0,1162661038.0,20140620
36.63,36.31,37.82,35.45,36.63,86303.0,28818400.0,1310966756.0,20140704
36.16,36.55,38.16,34.04,36.09,124344.0,30498100.0,1359414521.0,20140721
34.77,36.02,36.7,33.06,34.64,107043.0,36611300.0,1581562149.0,20140804
35.43,34.72,35.66,32.81,35.46,125713.0,34391600.0,1446004071.0,20140818
32.99,35.48,35.66,32.99,33.11,113844.0,35222800.0,1480583245.0,20140901
33.34,33.15,34.08,32.23,33.36,117374.0,33186200.0,1360373561.0,20140915
32.39,33.51,34.36,30.63,32.36,135380.0,40739700.0,1604542084.0,20140929
33.79,32.1,34.43,31.08,33.61,150559.0,44167200.0,1769589007.0,20141013
31.24,33.77,33.77,28.86,30.93,187725.0,71359500.0,2682515763.0,20141027
31.01,31.4,33.79,30.94,30.96,114424.0,36504900.0,1425779523.0,20141110
36.29,30.84,36.73,30.81,36.26,130071.0,65711300.0,2741700587.0,20141125
34.11,36.57,36.67,33.48,34.11,108733.0,31655400.0,1347730674.0,20141209
32.43,34.11,35.01,31.81,32.76,118941.0,31029300.0,1252535065.0,20141223
31.84,32.78,34.51,30.91,31.9,116448.0,36980700.0,1446719817.0,20150112
31.16,32.18,32.72,30.13,31.03,114045.0,34696000.0,1337408159.0,20150126
34.54,31.09,34.85,30.49,34.55,180252.0,44481500.0,1794785572.0,20150209
35.47,34.09,36.26,33.6,35.56,128037.0,34475000.0,1477881688.0,20150225
37.16,35.61,37.16,35.25,37,131373.0,35951000.0,1584600595.0,20150311
38.75,37.41,39.5,35.84,38.81,104644.0,33621300.0,1531642944.0,20150320
