5.59,5.75,6.1,5.54,5.6,0.0,18511100.0,0.0,20080115
4.92,5.54,5.71,4.86,4.88,0.0,22237000.0,0.0,20080130
5.48,4.88,5.59,4.81,5.49,0.0,25256600.0,0.0,20080215
5.65,5.54,5.88,5.24,5.65,0.0,15949900.0,0.0,20080229
5.45,5.65,6.05,5.24,5.45,0.0,18351000.0,0.0,20080314
5.58,5.35,5.58,5.09,5.57,0.0,20010400.0,0.0,20080331
5.54,5.63,6.13,5.54,5.58,0.0,16877000.0,0.0,20080414
6.11,5.6,6.43,5.52,6.1,0.0,13647500.0,0.0,20080429
6.58,6.13,6.93,6.13,6.57,0.0,15905600.0,0.0,20080514
7.08,6.57,7.41,6.55,7.08,21902.0,18343600.0,537777884.0,20080529
7.44,7.16,7.57,6.99,7.47,20335.0,16037700.0,625686957.0,20080612
7.22,7.32,7.47,6.99,7.34,17770.0,16948200.0,651872056.0,20080626
7.41,7.33,7.53,6.8,7.36,19064.0,13772300.0,528483688.0,20080711
7.52,7.54,7.97,7.21,7.55,30123.0,18510500.0,745572693.0,20080725
6.81,7.5,7.68,6.62,6.86,31115.0,20226500.0,755269560.0,20080808
6.77,6.82,7.03,6.35,6.76,22474.0,14921900.0,528669353.0,20080822
6.26,6.89,6.98,6.05,6.23,22723.0,14075900.0,491799977.0,20080905
6.49,6.32,6.57,5.42,6.5,42155.0,24825600.0,783909389.0,20080919
7.11,6.5,7.4,6.3,7.04,32039.0,17575800.0,637467909.0,20081003
6.14,6.83,7.03,5.23,6.2,42454.0,22472100.0,737753276.0,20081017
6.22,6.2,6.63,5.44,6.2,45542.0,18886900.0,607620337.0,20081031
6.93,6.28,6.94,5.89,6.85,34587.0,14892400.0,505017076.0,20081114
6.47,6.61,7.31,6.46,6.46,33196.0,15744300.0,585703844.0,20081201
6.2,6.7,7.1,6.06,6.2,38197.0,23863500.0,836912263.0,20081215
6.2,6.27,6.42,5.7,6.2,38767.0,16504800.0,525411100.0,20090102
6.33,6.2,6.4,5.89,6.38,31586.0,14132500.0,458653663.0,20090116
5.93,6.38,6.38,5.81,5.93,25940.0,10592400.0,337420655.0,20090130
6.05,5.88,6.34,5.79,6.04,34859.0,13044400.0,415414510.0,20090213
5.93,6.05,6.29,5.82,5.92,36703.0,11403200.0,366281314.0,20090303
6.1,5.96,6.29,5.9,6.1,29839.0,10836200.0,347675348.0,20090317
6.46,6.05,6.61,6.03,6.53,33028.0,13336500.0,447894221.0,20090331
6.35,6.36,6.99,6.25,6.35,36034.0,16710800.0,586240868.0,20090415
6.62,6.36,6.84,6.13,6.63,47454.0,20438400.0,670090414.0,20090430
6.64,6.71,6.78,6.28,6.7,48983.0,28024100.0,738922501.0,20090515
6.57,6.76,6.78,6.22,6.55,33455.0,20164400.0,524550949.0,20090529
6.96,6.66,7.2,6.38,6.97,58835.0,25500300.0,693789477.0,20090615
6.69,7.02,7.1,6.45,6.68,45709.0,18255900.0,488575704.0,20090629
6.35,6.7,6.76,6.35,6.35,42729.0,16139100.0,421094184.0,20090714
6.58,6.47,6.58,6.36,6.58,34936.0,19274800.0,498352775.0,20090728
6.94,6.57,7.16,6.5,6.96,46956.0,19891900.0,547065154.0,20090811
6.8,6.98,7.1,6.7,6.79,32756.0,13316200.0,364733252.0,20090825
6.91,6.83,6.97,6.62,6.91,28399.0,14760000.0,402053099.0,20090909
6.69,6.91,7.0,6.69,6.7,37773.0,17389300.0,476537611.0,20090923
6.7,6.74,6.83,6.55,6.71,36017.0,16080500.0,431639656.0,20091007
7.1,6.74,7.31,6.69,7.15,43859.0,18184600.0,510725538.0,20091022
6.96,7.23,7.25,6.77,6.94,39958.0,15106300.0,419682124.0,20091106
7.28,6.97,7.57,6.94,7.24,35523.0,13252200.0,384877235.0,20091123
8.29,7.32,8.3,7.22,8.23,31723.0,16016600.0,501215481.0,20091207
7.54,8.16,8.63,7.5,7.5,37388.0,20061200.0,656102782.0,20091221
7.77,7.63,7.98,7.44,7.77,31094.0,13416100.0,415904899.0,20100108
7.34,7.77,7.8,7.24,7.3,33757.0,16129500.0,484060111.0,20100122
7.4,7.28,7.94,7.06,7.44,37252.0,18268000.0,555199108.0,20100208
7.31,7.54,7.77,7.22,7.31,31636.0,11963700.0,360859229.0,20100224
7.63,7.22,7.7,7.16,7.63,26272.0,12038600.0,361823971.0,20100310
7.4,7.61,7.64,7.2,7.4,27647.0,12971900.0,386502733.0,20100324
7.35,7.49,7.53,7.31,7.34,25767.0,11940600.0,355044117.0,20100408
7.75,7.34,7.75,7.24,7.72,28975.0,14653600.0,436905018.0,20100423
7.72,7.72,8.21,7.39,7.7,40015.0,19234100.0,554801125.0,20100507
7.53,8.06,8.1,7.42,7.5,38347.0,15733300.0,425365834.0,20100521
7.12,7.5,7.7,6.89,7.12,45576.0,18718700.0,471832695.0,20100607
7.4,7.12,7.44,7.01,7.41,30681.0,14418100.0,363499426.0,20100621
7.67,7.38,7.71,7.35,7.58,26782.0,11169800.0,291102722.0,20100705
7.22,7.74,7.74,7.16,7.22,32461.0,13651600.0,351167254.0,20100720
7.55,7.22,7.68,7.1,7.55,32420.0,13324200.0,344816867.0,20100803
7.31,7.55,7.63,7.21,7.31,24464.0,9538600.0,246371170.0,20100817
8.07,7.34,8.29,7.22,8.08,50798.0,28207200.0,760023596.0,20100831
8.11,8.07,8.35,7.63,8.1,38079.0,16282900.0,448836079.0,20100915
7.73,8.11,8.11,7.51,7.73,36280.0,14847900.0,401377381.0,20100929
8.21,7.81,8.31,7.7,8.23,38916.0,18380000.0,515744336.0,20101014
8.59,8.29,8.67,8.14,8.6,28516.0,17927100.0,526758468.0,20101028
8.3,8.7,8.78,8.25,8.3,32935.0,11594700.0,344432071.0,20101112
8.22,8.22,8.57,8.08,8.23,25593.0,10337500.0,297362421.0,20101129
8.13,8.19,8.62,7.92,8.13,40478.0,14409000.0,412908189.0,20101213
8.18,8.08,8.51,7.97,8.2,31151.0,13322400.0,369937033.0,20101228
8.73,8.2,8.73,8.05,8.73,29295.0,12825300.0,354443713.0,20110112
8.44,8.7,9.02,8.25,8.37,34112.0,13253200.0,378537945.0,20110127
7.92,8.4,8.4,7.86,7.86,30573.0,11191800.0,301096281.0,20110210
8.05,7.94,8.37,7.78,8.05,35734.0,12860600.0,345154294.0,20110224
9.01,8.13,9.01,8.01,9,38178.0,14117000.0,400846038.0,20110314
9.05,8.73,9.15,8.53,9.07,39718.0,12860300.0,377194686.0,20110328
9.38,9.07,9.98,9.04,9.36,41613.0,15839600.0,500941412.0,20110411
9.52,9.38,9.64,9.19,9.5,40091.0,15315500.0,476732010.0,20110427
9.89,9.52,10.18,9.4,9.89,37572.0,13996500.0,432577399.0,20110511
9.79,9.89,10.1,9.67,9.79,33046.0,10867700.0,336789232.0,20110525
9.69,9.83,9.89,9.28,9.7,36370.0,13488600.0,406031447.0,20110608
9.83,9.67,10.02,9.46,9.85,32026.0,13042100.0,397002801.0,20110622
9.86,9.95,10.24,9.83,9.91,34174.0,12866700.0,404426799.0,20110707
9.89,9.92,10.13,9.67,9.85,32129.0,12508500.0,386539726.0,20110721
9.07,9.86,9.91,8.78,9.07,42442.0,15291300.0,450262067.0,20110804
8.77,9.07,9.29,8.44,8.73,56815.0,18921500.0,521457199.0,20110818
9.38,8.74,9.55,8.6,9.38,46458.0,15945700.0,451969706.0,20110901
9.12,9.36,9.46,8.91,9.12,43260.0,14442300.0,413982891.0,20110916
8.87,9.05,9.52,8.67,8.85,52253.0,17408200.0,492678664.0,20110930
8.29,8.74,8.89,8.13,8.29,55696.0,19839500.0,520108697.0,20111017
9.14,8.29,9.2,8.29,9.17,67552.0,23037300.0,630013791.0,20111031
9.56,8.93,9.62,8.84,9.52,43242.0,14465100.0,420683001.0,20111116
9.92,9.52,9.95,9.21,9.92,41410.0,13327200.0,397998560.0,20111130
10.52,9.93,10.64,9.33,10.52,57713.0,19305600.0,592238067.0,20111214
10.92,10.49,11.14,10.33,10.92,34092.0,10904300.0,351207606.0,20111228
10.9,10.92,11.13,10.55,10.91,43324.0,11417600.0,373518885.0,20120112
11.31,10.89,11.47,10.81,11.36,54531.0,15353400.0,518388062.0,20120127
12.36,11.32,12.5,11.3,12.47,57076.0,25069300.0,893957352.0,20120210
13.19,12.41,13.19,12.25,13.19,44089.0,14274800.0,549907796.0,20120228
14.15,13.19,14.23,13.0,14.21,51843.0,15249300.0,613887380.0,20120313
14.63,14.12,14.87,13.7,14.63,46410.0,13336500.0,568961530.0,20120327
15.53,14.97,15.85,14.42,15.53,56264.0,20133300.0,909171111.0,20120412
16.28,15.49,16.46,15.05,16.28,40895.0,12003300.0,568655601.0,20120426
15.83,16.33,16.7,14.81,15.83,58433.0,20448200.0,756716915.0,20120511
14.72,15.78,15.78,14.46,14.84,68646.0,20441000.0,707828613.0,20120525
15.45,15.02,15.75,14.63,15.49,52197.0,15350000.0,535576915.0,20120611
15.61,15.55,16.17,15.37,15.61,47088.0,14399200.0,526942881.0,20120625
16.22,15.58,16.7,15.53,16.32,53407.0,15693400.0,589091350.0,20120710
16.32,16.28,17.06,16.12,16.33,48753.0,13257000.0,507643776.0,20120724
17,16.42,17.41,16.32,17.09,47812.0,12820500.0,502418123.0,20120807
16.75,17.17,17.48,16.75,16.83,44750.0,11870000.0,472451730.0,20120821
14.97,16.75,17.1,14.63,14.97,84267.0,25413900.0,920855154.0,20120904
12.02,15.09,15.76,10.5,12.03,168817.0,83691200.0,2336000684.0,20120919
10.1,11.82,11.86,10.05,10.09,88574.0,36592400.0,927719861.0,20121003
10.91,10.12,11.73,9.94,10.91,112066.0,54021200.0,1349249909.0,20121018
10.77,10.92,11.06,10.35,10.77,54261.0,25360000.0,628487396.0,20121101
9.79,10.46,10.6,9.68,9.79,91161.0,40506400.0,945340042.0,20121119
10.76,9.83,11.35,9.72,10.72,113418.0,48323300.0,1197037987.0,20121204
10.87,10.84,11.28,10.25,10.94,89193.0,32317500.0,810471049.0,20121218
10.78,10.9,11.79,10.38,10.74,116032.0,70387000.0,1653693815.0,20130107
11.97,10.75,12.0,10.36,11.91,95598.0,36513200.0,802791434.0,20130121
11.11,11.91,11.94,10.8,11.05,84111.0,32883500.0,733002825.0,20130205
11.28,11.1,11.67,10.91,11.25,71300.0,26280800.0,587259013.0,20130221
12.87,11.31,13.01,11.07,12.83,102472.0,41026700.0,969465078.0,20130307
11.31,12.77,13.13,11.21,11.31,107301.0,52284700.0,1233301601.0,20130321
11.82,11.36,12.3,11.28,11.86,96013.0,53381600.0,1243018579.0,20130405
12.59,11.86,12.69,11.52,12.59,95507.0,32177800.0,766968266.0,20130419
12.8,12.58,13.26,12.26,12.78,91819.0,46380400.0,1082523890.0,20130506
13.6,12.88,13.73,12.65,13.59,77785.0,25838100.0,559562654.0,20130520
13.35,13.6,14.13,13.02,13.35,116949.0,43872500.0,996686240.0,20130604
12.45,13.18,13.18,11.77,12.37,113164.0,39853300.0,816213279.0,20130618
11.7,12.36,12.4,11.08,11.69,128129.0,43707300.0,849203193.0,20130702
12.16,11.69,12.6,11.33,12.1,92901.0,30325500.0,604771485.0,20130717
12.54,12.14,13.22,12.14,12.59,79950.0,26800200.0,569777680.0,20130731
12.17,12.62,12.8,12.03,12.15,95956.0,34188000.0,702032722.0,20130814
11.13,12.06,12.06,11.06,11.13,86799.0,26198400.0,506724269.0,20130828
11.45,11.14,11.73,10.91,11.43,109300.0,37608500.0,709413125.0,20130911
11.55,11.45,11.62,10.78,11.56,95728.0,38128200.0,713531325.0,20130925
11.73,11.58,11.97,11.38,11.73,78040.0,27328200.0,529607138.0,20131009
11.95,11.8,12.26,11.76,12,70093.0,21279600.0,424259697.0,20131023
11.79,12.03,12.14,11.74,11.75,67738.0,26452400.0,523320713.0,20131106
11.47,11.74,12.0,11.2,11.47,88455.0,30261300.0,577844278.0,20131122
11.7,11.5,11.91,11.32,11.7,70885.0,30288200.0,579034098.0,20131206
11.16,11.76,11.92,11.01,11.15,83222.0,32837000.0,598408693.0,20131220
10.8,11.23,11.67,10.69,10.79,97502.0,53586600.0,810181998.0,20140109
11.19,10.81,11.36,10.71,11.19,85850.0,34969200.0,472774020.0,20140123
10.8,11.03,11.29,10.47,10.83,120863.0,47025500.0,635916148.0,20140206
10.46,10.79,11.24,10.07,10.46,137391.0,51120200.0,676987240.0,20140220
10.37,10.45,11.13,10.23,10.36,129777.0,56334000.0,740504989.0,20140310
11.29,10.46,11.38,10.3,11.32,155103.0,65324400.0,874072672.0,20140324
12.92,11.34,12.95,11.22,12.9,137837.0,62790200.0,954314231.0,20140407
13.48,13.06,13.55,12.06,13.48,130111.0,53454600.0,852922429.0,20140423
13.77,13.49,14.04,12.82,13.78,109426.0,61807200.0,1005917417.0,20140508
14.2,13.79,14.66,13.52,14.2,106571.0,44091000.0,718026498.0,20140522
13.84,14.21,14.55,13.26,13.84,80148.0,29272000.0,471655129.0,20140605
15.24,14.17,15.91,14.04,15.3,93809.0,32675900.0,572025734.0,20140623
15.71,15.24,15.81,14.55,15.68,63173.0,22839000.0,384336302.0,20140707
18.45,15.66,18.45,15.61,18.45,118585.0,38259300.0,701133939.0,20140722
17.8,18.23,18.48,17.02,17.76,89625.0,27856700.0,534624248.0,20140805
17.86,17.82,18.25,17.29,17.87,96728.0,30880900.0,595072215.0,20140819
17.45,17.74,18.53,16.81,17.47,104233.0,41152000.0,791407711.0,20140902
15.72,17.55,17.86,14.86,15.72,122240.0,49060800.0,865830570.0,20140916
13.71,15.47,15.47,13.28,13.8,130234.0,57848600.0,895115744.0,20140930
15.72,13.61,16.05,12.84,15.58,179784.0,79960700.0,1261779284.0,20141014
13.23,15.19,15.63,11.87,13.24,170352.0,58097400.0,870726141.0,20141028
13.4,13.24,13.65,12.72,13.41,96804.0,38071000.0,534181947.0,20141111
13.78,13.42,14.05,11.96,13.76,136130.0,51591500.0,678563407.0,20141126
12.71,13.8,14.23,12.31,12.64,120057.0,43937000.0,587343161.0,20141210
12.94,12.69,13.32,11.91,13.01,111522.0,41083200.0,518092229.0,20141226
11.57,13.18,13.82,11.38,11.6,111582.0,37907500.0,472329973.0,20150113
11.48,11.47,12.6,10.95,11.48,116230.0,39994400.0,468633752.0,20150127
11.3,11.26,12.77,11.19,11.24,96355.0,33680500.0,401037500.0,20150210
13.09,11.26,13.09,11.15,13.04,82103.0,27699000.0,335288629.0,20150226
12.15,13,13.14,11.52,12.1,108810.0,35774900.0,437194926.0,20150312
12.65,11.77,13.37,11.41,12.65,106875.0,37902300.0,468463900.0,20150326
13.87,12.65,14.36,12.49,13.88,111242.0,33750100.0,456884292.0,20150410
14.6,13.8,15.17,13.8,14.47,84650.0,27638500.0,399324690.0,20150427
15.56,14.7,16.08,14.0,15.62,105860.0,41384400.0,627699044.0,20150512
14.41,15.52,16.03,13.97,14.45,108396.0,36695900.0,548669648.0,20150526
13.9,14.47,15.01,13.74,13.88,124894.0,41764800.0,597012705.0,20150610
12.09,14,14.07,11.8,12.08,120037.0,47304400.0,615411798.0,20150624
10.9,12.11,12.25,10.87,10.9,125429.0,44437000.0,514061128.0,20150708
9.57,11.12,11.3,9.52,9.61,95947.0,39703600.0,414882075.0,20150723
9.06,9.54,9.55,8.97,9.07,8869.0,5302700.0,48325351.0,20150724
