17.84,18.9,19.65,17.78,17.93,9517.0,10729200.0,217530150.0,20080115
17.13,17.53,18.39,16.58,17.13,10834.0,13153800.0,246444053.0,20080130
17.67,17.21,18.9,16.77,17.74,9106.0,11759200.0,226872766.0,20080215
17.31,17.88,18.69,17.29,17.39,7004.0,8468800.0,163922087.0,20080229
16.75,17.43,17.43,16.02,16.58,14199.0,12812300.0,231405382.0,20080314
15.99,16.5,16.54,14.98,16.02,8885.0,9181300.0,159912647.0,20080331
16.08,16.1,17.34,15.76,16.05,9810.0,8577600.0,153733172.0,20080414
16.03,15.98,16.51,15.73,16.03,9616.0,7082800.0,123535903.0,20080429
15.78,16.12,16.5,15.59,15.75,13348.0,12611600.0,217599464.0,20080514
13.83,15.78,16.02,13.66,13.87,17792.0,16159900.0,255226537.0,20080529
11.92,13.97,14.34,11.67,11.93,18259.0,20684900.0,289337382.0,20080612
10.35,12.1,12.1,10.18,10.35,16966.0,21489000.0,257269435.0,20080626
9.98,10.31,10.56,8.72,10.07,16029.0,21222200.0,223999941.0,20080711
10.89,10.13,11.5,9.23,10.92,18254.0,19583100.0,227225288.0,20080725
10.94,11.09,11.71,10.36,10.95,16326.0,15216000.0,182581487.0,20080808
12.3,11.01,12.42,10.82,12.41,15069.0,12876800.0,166616417.0,20080822
13.01,12.27,13.5,12.0,12.89,14142.0,11136300.0,154498073.0,20080905
13.01,13.35,13.6,11.4,13.06,18523.0,14433500.0,199941086.0,20080919
11.62,13.07,13.2,11.14,11.62,18180.0,16862000.0,223353534.0,20081003
9.28,11.14,11.62,8.28,9.28,19442.0,18809000.0,203150531.0,20081017
10.36,9.22,10.68,7.97,10.22,19464.0,13415500.0,136188971.0,20081031
7.49,10.36,10.69,7.13,7.39,19162.0,14043500.0,132184387.0,20081114
8.01,7.49,8.39,6.93,8.01,14540.0,9609300.0,81100871.0,20081201
9.13,8.21,9.78,7.76,9.08,16679.0,13638000.0,132574328.0,20081215
9.32,9.32,9.49,7.99,9.36,13854.0,10372700.0,98833817.0,20090102
9.19,9.28,9.72,8.83,9.22,13028.0,9169500.0,93573132.0,20090116
8.03,9.22,9.44,7.98,8.03,13726.0,8456900.0,80363891.0,20090130
8.09,7.98,8.72,7.77,8.09,16037.0,10026000.0,89901295.0,20090213
5.74,8.05,8.16,5.57,5.74,26359.0,20039500.0,140588879.0,20090303
6.3,5.95,6.67,5.11,6.31,23957.0,18173600.0,114894945.0,20090317
7.14,6.44,7.52,6.28,7.04,24207.0,16574500.0,125166434.0,20090331
8.48,6.96,9.03,6.89,8.45,23740.0,20647800.0,185058862.0,20090415
8.28,8.58,8.86,7.77,8.28,23516.0,20303700.0,183221020.0,20090430
8.49,8.28,9.96,8.28,8.49,23417.0,20681300.0,205100959.0,20090515
8.83,8.67,9.07,8.19,8.83,21091.0,15144600.0,142998270.0,20090529
7.58,8.94,9.09,7.49,7.56,30309.0,21890100.0,193331208.0,20090615
7.63,7.62,7.75,7.28,7.64,23273.0,20067900.0,164028403.0,20090629
7.08,7.67,7.69,6.83,7.09,19359.0,17436300.0,137030302.0,20090714
7.8,7.24,7.9,7.23,7.8,25070.0,25337200.0,210111185.0,20090728
9.75,7.77,10.34,7.68,9.76,53385.0,47618900.0,466852209.0,20090811
9.22,9.97,9.97,8.97,9.22,31752.0,24552100.0,250679538.0,20090825
9.62,9.22,9.65,9.06,9.59,28593.0,23282100.0,236813949.0,20090909
10.17,9.62,10.39,9.46,10.15,26817.0,26238200.0,282073499.0,20090923
9.22,10.27,10.31,8.95,9.21,42684.0,36887900.0,378390176.0,20091007
9.4,9.28,9.51,9.16,9.38,35670.0,35438900.0,357793406.0,20091022
8.02,9.51,9.6,7.84,8,48808.0,55677900.0,519367812.0,20091106
8.16,8.11,8.42,7.94,8.12,29180.0,35071800.0,311644916.0,20091123
8.08,8.12,8.18,7.84,8.05,22268.0,25567400.0,223574697.0,20091207
8.61,8,9.09,7.97,8.69,29591.0,41821600.0,391990073.0,20091221
8.96,8.86,9.35,8.62,8.96,23335.0,27954000.0,266203736.0,20100108
9.29,9.04,9.65,8.91,9.28,23205.0,28840100.0,282809241.0,20100122
9.03,9.27,9.46,8.83,9.04,20762.0,27887000.0,270862956.0,20100208
9.32,9.22,9.63,9.11,9.3,17193.0,16505600.0,164496682.0,20100224
9.66,9.23,9.77,9.19,9.68,15792.0,15999900.0,160653849.0,20100310
10,9.62,10.44,9.49,10.02,18100.0,19373000.0,204672378.0,20100324
9.92,10.15,10.15,9.65,9.91,17303.0,15018900.0,158104502.0,20100408
9.67,9.92,10.11,9.42,9.67,21360.0,18429000.0,191563484.0,20100423
9.4,9.66,9.97,9.22,9.4,26650.0,18332200.0,185262962.0,20100507
9.3,9.65,9.96,9.04,9.31,25448.0,18677300.0,186375621.0,20100521
8.83,9.36,9.71,8.83,8.87,18238.0,13968100.0,136699604.0,20100607
9.4,8.94,9.5,8.82,9.33,18560.0,13340000.0,128336345.0,20100621
8.91,9.37,9.59,8.68,8.88,13184.0,10365500.0,99049900.0,20100705
9.73,9.09,9.73,8.71,9.73,17079.0,17798200.0,170445274.0,20100720
11.1,9.75,11.34,9.56,11.1,25784.0,24396500.0,267246476.0,20100803
10.72,11.06,11.38,10.42,10.64,21181.0,14639100.0,166813150.0,20100817
10.38,10.76,11.24,9.68,10.38,28951.0,16561900.0,180231561.0,20100831
11.21,10.33,11.23,10.3,11.18,17040.0,10634400.0,121668244.0,20100915
11.44,11.18,11.85,10.95,11.35,28922.0,17512200.0,210114643.0,20100929
10.85,11.48,11.64,10.71,10.78,27948.0,17924800.0,210067858.0,20101014
11.33,10.87,11.5,10.53,11.31,21448.0,16477000.0,191015172.0,20101028
11.65,11.44,12.42,11.29,11.63,17629.0,11742500.0,146779369.0,20101112
11.57,11.63,12.06,11.48,11.67,22537.0,12647700.0,155337701.0,20101129
11.82,11.49,12.21,11.4,11.82,20304.0,12858100.0,158627597.0,20101213
11.63,11.77,12.11,11.49,11.59,23560.0,14263900.0,174789752.0,20101228
12.1,11.67,12.29,11.43,12.14,25365.0,19720900.0,238213173.0,20110112
13.1,12.21,13.86,11.89,13.03,27234.0,18244200.0,242982722.0,20110127
13.41,13.08,14.11,12.98,13.32,28175.0,16107800.0,222202824.0,20110210
12.93,13.39,14.0,12.9,13.07,26474.0,14503000.0,201994953.0,20110224
13.13,13.07,13.89,12.85,13.17,23021.0,13967300.0,190340180.0,20110314
12.94,12.87,13.94,12.68,12.94,27433.0,18322800.0,250217007.0,20110328
12.58,13.09,13.46,12.51,12.62,24088.0,13573200.0,181437960.0,20110411
12.02,12.64,12.74,11.9,12.06,25461.0,13199600.0,165917665.0,20110427
12.99,12,13.36,11.73,12.94,22162.0,16092600.0,207548158.0,20110511
12.13,12.86,13.07,12.08,12.13,21529.0,11537800.0,148864623.0,20110525
11.5,12.31,12.31,11.49,11.52,20682.0,16072600.0,198739311.0,20110608
11.73,11.54,12.61,11.49,11.73,24054.0,19764600.0,243085745.0,20110622
11.39,11.81,11.83,11.25,11.37,22100.0,16448600.0,196123960.0,20110707
11.1,11.47,11.5,10.59,11.03,15670.0,11202700.0,127366775.0,20110721
9.8,10.98,11.34,9.56,9.66,27492.0,21217200.0,231095309.0,20110804
8.71,9.87,9.92,8.05,8.71,37330.0,21206300.0,194849073.0,20110818
9.77,8.73,10.0,8.53,9.79,24044.0,14062000.0,132136031.0,20110901
11.2,9.67,11.2,8.99,11.08,25762.0,18114500.0,189923795.0,20110916
11.54,10.86,11.92,10.54,11.5,36315.0,20674300.0,240008163.0,20110930
11.49,11.52,11.82,10.61,11.46,37588.0,19959600.0,229587383.0,20111017
11.6,11.45,12.34,11.26,11.56,34458.0,16795200.0,204400149.0,20111031
11.29,11.14,11.76,10.49,11.32,33721.0,21012700.0,241487372.0,20111116
11.21,11.33,11.45,10.18,11.22,31969.0,13307300.0,148285797.0,20111130
10.63,11.25,11.43,10.61,10.74,29309.0,12374400.0,138209028.0,20111214
11.3,10.82,11.39,10.53,11.33,19679.0,12992900.0,145866967.0,20111228
11.62,11.26,11.93,11.26,11.61,24177.0,13044400.0,154923921.0,20120112
11.62,11.63,12.06,11.38,11.58,23933.0,9506200.0,114034694.0,20120127
11.96,11.55,12.22,11.44,11.99,36834.0,21800800.0,263923834.0,20120210
12.31,12,13.04,11.94,12.34,35159.0,18494000.0,238891489.0,20120228
13.13,12.22,13.13,12.03,13.13,36735.0,17153000.0,220022661.0,20120313
14.07,13.07,14.31,12.98,14.07,35695.0,20047600.0,280409862.0,20120327
15.4,14.13,15.55,13.75,15.43,43196.0,26812700.0,402640022.0,20120411
16.13,15.56,16.49,15.24,15.92,36034.0,19675600.0,317409843.0,20120425
15.54,16.17,16.24,15.33,15.51,43024.0,21681800.0,349206098.0,20120510
14.48,15.33,15.54,14.1,14.47,50567.0,20439000.0,307418954.0,20120524
13.51,14.46,14.68,13.29,13.5,36032.0,15063000.0,211893015.0,20120608
13.06,13.62,14.05,12.9,13.12,36721.0,19654600.0,268040641.0,20120622
13.07,13.01,14.02,12.59,13.12,40528.0,20015100.0,267410512.0,20120706
12.83,13.34,13.34,11.31,12.76,52453.0,29558400.0,366229971.0,20120723
12.54,12.65,13.58,11.97,12.53,50932.0,23609100.0,300372216.0,20120806
13.5,12.74,13.61,12.58,13.48,42074.0,17574000.0,232961303.0,20120820
13.65,13.64,13.84,13.02,13.65,39304.0,17408200.0,236091770.0,20120903
13.82,13.63,14.6,13.2,13.82,41428.0,15591200.0,218328065.0,20120918
13.36,13.84,13.99,12.94,13.41,42387.0,21074200.0,286197691.0,20121002
14.09,13.31,14.3,12.56,14.09,58973.0,28163800.0,384844967.0,20121017
14.02,14.12,14.71,13.64,14.09,37403.0,22809500.0,324374485.0,20121031
13.75,14.11,14.5,13.43,13.75,40669.0,15924900.0,224836171.0,20121119
13.52,13.8,14.32,12.86,13.42,51991.0,30764200.0,419715497.0,20121204
13.99,13.55,13.99,12.45,13.95,54570.0,21655200.0,286554105.0,20121218
14.3,13.69,14.76,13.62,14.27,47128.0,17687300.0,254489801.0,20130107
14.33,14.1,14.4,13.42,14.28,45112.0,17450400.0,245449356.0,20130121
16.46,14.34,16.74,14.24,16.48,54817.0,25865500.0,413200531.0,20130205
16.18,16.59,16.59,15.71,16.13,39556.0,19265700.0,312140930.0,20130221
16.55,15.96,17.29,15.62,16.58,52736.0,18308100.0,303845845.0,20130307
17.09,16.41,17.66,16.41,17.17,51362.0,20347800.0,351430493.0,20130321
16.74,17.09,17.63,16.08,16.74,48115.0,18522100.0,321437101.0,20130405
16.51,16.64,17.62,15.38,16.5,58746.0,26292100.0,441215864.0,20130419
16.96,16.56,17.42,15.65,17.21,69427.0,31351400.0,539486073.0,20130506
18.18,16.79,18.41,16.73,18.37,53572.0,22657700.0,411612708.0,20130520
18.81,19.23,19.36,17.67,18.95,62932.0,29588700.0,568636352.0,20130604
20.36,18.86,20.49,18.01,20.36,65074.0,30165100.0,588944713.0,20130618
19.98,20.41,20.76,19.16,19.98,85114.0,35398900.0,727303578.0,20130702
20.91,20.11,21.19,19.3,20.89,62313.0,21635300.0,452915828.0,20130717
18.83,20.92,21.31,18.73,18.84,58694.0,33353300.0,688042983.0,20130731
18.3,18.83,19.4,18.02,18.3,74616.0,26072600.0,498043777.0,20130814
18.43,18.14,19.92,17.74,18.52,76536.0,30039800.0,584043445.0,20130828
19.5,18.56,20.25,18.41,19.6,66481.0,26490800.0,525170588.0,20130911
18.04,19.7,19.71,17.34,18.02,79031.0,32690500.0,607164753.0,20130925
17.98,17.89,18.5,17.28,17.94,66246.0,24235600.0,446186806.0,20131009
17.88,18.01,18.7,16.98,17.91,84584.0,30246600.0,550967163.0,20131023
16.31,17.87,17.97,15.3,16.27,91343.0,37032700.0,624066069.0,20131106
17.2,16.12,17.92,16.0,17.23,81242.0,26535900.0,471633240.0,20131122
17.09,17.34,18.0,16.7,17.07,47984.0,15780200.0,279309404.0,20131206
18.31,17.09,18.58,16.8,18.32,68072.0,23581600.0,430401051.0,20131220
18.76,18.44,19.18,18.22,18.76,75147.0,27617900.0,527614047.0,20140109
19.42,18.74,20.16,18.47,19.34,63741.0,25261000.0,497775904.0,20140123
18.41,19.52,19.64,17.79,18.39,66207.0,26409600.0,496105947.0,20140206
19.14,18.2,19.81,18.07,19.15,60595.0,15889100.0,310208048.0,20140220
19.83,19.13,20.95,19.07,19.83,76366.0,25219200.0,518859357.0,20140310
19.45,20,20.05,19.06,19.39,60360.0,14662100.0,291415178.0,20140324
19.09,19.55,20.22,18.9,19.04,69619.0,18948100.0,380165591.0,20140407
18.89,19.37,19.44,18.21,18.84,72543.0,19729600.0,378265709.0,20140423
19.08,18.98,19.49,18.31,19.08,64883.0,22652700.0,435687775.0,20140508
18.89,19.04,19.16,18.27,18.91,63972.0,17794900.0,336530743.0,20140522
20.54,18.91,20.87,18.85,20.55,53148.0,18063700.0,367346734.0,20140605
19.98,20.78,20.98,19.82,19.95,54219.0,17129900.0,353933625.0,20140623
20.92,20.11,21.17,19.37,20.92,35260.0,9634800.0,195615417.0,20140707
21.63,20.89,22.21,20.38,21.54,76817.0,21584400.0,467065417.0,20140722
20.98,21.43,21.85,20.93,21.01,51494.0,15923200.0,344320039.0,20140805
22.25,21.03,22.26,20.74,22.22,50612.0,16572200.0,362992910.0,20140819
21.53,22.22,22.71,21.08,21.63,55647.0,17392400.0,384412035.0,20140902
22.93,21.55,23.46,21.28,23.06,72911.0,21765200.0,492670897.0,20140916
23.79,23.05,23.94,22.54,23.79,72820.0,23329000.0,548490246.0,20140930
21.53,23.87,24.22,20.78,21.55,102378.0,34530900.0,791250971.0,20141014
23.08,21.78,23.85,20.37,23.09,134357.0,38799200.0,866701781.0,20141028
23.75,22.7,24.46,22.29,23.78,81818.0,26868700.0,633810146.0,20141111
22.9,23.91,24.61,22.58,22.9,74536.0,21926100.0,523891593.0,20141126
23.5,23.02,23.69,21.95,23.49,60375.0,16612800.0,383109616.0,20141210
24.59,23.55,25.47,22.11,24.45,76786.0,22330600.0,531864863.0,20141226
22.68,24.52,25.44,22.44,22.72,64237.0,22272500.0,532772543.0,20150113
22.8,22.21,23.01,20.97,22.74,69499.0,22849800.0,503356170.0,20150127
25.06,23.15,25.06,22.49,25.01,62794.0,21845300.0,523329771.0,20150210
26.04,24.74,26.45,24.64,25.96,65337.0,23694100.0,611568572.0,20150226
24.78,26.01,26.08,22.09,24.77,134717.0,45725700.0,1132981266.0,20150312
25.55,24.5,26.01,24.41,25.56,51079.0,14433600.0,364104706.0,20150320
