18.15,19.96,20.16,17.97,18.16,33216.0,25369000.0,1098805106.16,20080115
17.66,17.86,18.32,16.09,17.67,47315.0,41805200.0,1651348864.21,20080130
17.86,17.62,18.52,15.64,17.75,51126.0,42918500.0,1665581219.04,20080215
18.69,18.17,19.83,17.46,18.66,37078.0,33679600.0,1440027740.1,20080229
18.29,18.71,19.4,17.69,18.43,36873.0,32105900.0,1357320504.0,20080314
17.49,17.86,18.26,16.9,17.49,39007.0,38288700.0,1535500624.0,20080331
17.51,17.79,18.66,17.35,17.46,27436.0,31143500.0,1283919280.0,20080414
19.03,17.66,19.83,17.48,19.03,29408.0,22268100.0,962283650.0,20080429
20.09,19.26,23.02,19.08,20.09,49855.0,36624200.0,1747154266.0,20080514
21.3,20.2,22.09,19.96,21.29,45180.0,31810200.0,1500663028.0,20080529
19.61,21.38,22.16,18.96,20.04,46044.0,38437500.0,1474076339.0,20080612
17.76,19.82,20.67,17.73,17.79,40936.0,44179200.0,1540272323.0,20080626
17.08,17.92,18.06,16.58,17.08,44609.0,41861300.0,1330419383.0,20080711
17.62,17.52,19.1,16.38,17.64,54748.0,60066800.0,1989261379.0,20080725
17.97,17.83,18.63,17.26,17.97,43452.0,45896000.0,1507795022.0,20080808
17.32,18.13,18.26,16.44,17.26,39584.0,33004700.0,1038538027.0,20080822
16.87,17.33,17.47,16.12,16.76,35473.0,25191600.0,775313400.0,20080905
17.62,17.65,17.76,14.87,17.62,69678.0,57012700.0,1701997097.0,20080919
15.53,17.62,17.77,15.05,15.5,48367.0,50788000.0,1541800441.0,20081003
12.78,14.31,16.91,11.1,12.86,95549.0,84953700.0,2160198378.0,20081017
12.83,13.13,13.73,9.2,12.86,108799.0,78680000.0,1655002498.0,20081031
14.24,14.83,16.43,13.04,14.16,92102.0,65403400.0,1722290719.0,20081114
13.93,13.7,15.07,11.12,13.93,69049.0,43807900.0,1069348982.0,20081201
15.72,14.37,16.87,14.08,15.7,68331.0,44274600.0,1253474442.0,20081215
15.96,15.95,16.87,13.96,16.16,51692.0,33308300.0,944420685.0,20090102
13.24,15.87,16.71,12.57,13.23,76241.0,53909600.0,1417520173.0,20090116
12.86,13.44,13.63,12.21,12.87,66773.0,52248600.0,1216951209.0,20090130
14.05,12.65,14.64,12.47,13.99,70685.0,47553900.0,1171031924.0,20090213
11.56,13.9,14.08,11.23,11.53,69950.0,54984800.0,1267461178.0,20090303
13.72,11.84,13.93,11.7,13.76,78636.0,57491000.0,1321366241.0,20090317
14.28,13.72,15.07,13.56,14.32,84072.0,63405700.0,1632279168.0,20090331
15.47,14.25,16.46,14.1,15.53,83680.0,74823300.0,2091454493.0,20090415
16.83,15.65,17.12,14.99,16.87,98336.0,69331900.0,1964130248.0,20090430
15.87,17.39,18.61,15.67,15.88,98078.0,82200400.0,2492496191.0,20090515
17.79,16.11,18.09,16.03,17.82,81828.0,71157300.0,2195757389.0,20090529
17.2,18.26,18.46,16.86,17.22,66067.0,49681300.0,1579853257.0,20090615
17.57,17.4,17.68,16.36,17.51,67936.0,53249600.0,1622660641.0,20090629
16.63,17.71,17.76,16.45,16.63,83446.0,55113600.0,1680329805.0,20090714
18.99,16.9,19.19,16.87,18.87,85461.0,56903200.0,1864460420.0,20090728
19.26,18.66,20.19,18.44,19.3,95552.0,53555300.0,1849777503.0,20090811
19.64,19.26,19.92,18.03,19.66,89231.0,48906500.0,1667607508.0,20090825
20,19.64,20.2,18.89,20,76427.0,50256900.0,1648776279.0,20090909
20.59,19.88,21.39,19.82,20.56,65000.0,46190900.0,1552429239.0,20090923
21.76,20.89,23.11,20.14,21.76,116375.0,76667300.0,2710024397.0,20091007
22.8,22.03,23.06,21.64,22.81,87199.0,62379700.0,2261450123.0,20091022
22.73,23.11,23.32,20.33,22.63,98160.0,64518600.0,2273784555.0,20091106
23.43,22.86,23.96,22.68,23.41,74157.0,50229500.0,1894537272.0,20091123
24.8,23.44,25.05,22.94,24.82,66241.0,47668400.0,1851743585.0,20091207
23.62,24.64,25.2,23.43,23.57,63161.0,41430600.0,1631089485.0,20091221
24.2,23.84,25.24,23.26,24.2,61017.0,40583700.0,1588360638.0,20100108
22.33,24.43,24.59,22.02,22.27,81370.0,56373900.0,2103313514.0,20100122
21.61,22.05,23.5,21.05,21.55,80614.0,54806500.0,1969186879.0,20100208
22.43,22.25,23.71,22.16,22.38,60608.0,45207800.0,1658847077.0,20100224
23.85,22.03,24.27,21.94,23.8,75099.0,46036900.0,1705829335.0,20100310
22.97,23.73,24.18,22.96,23.04,56758.0,36427900.0,1358931108.0,20100324
25.24,23.14,25.31,23.11,25.24,70825.0,43645600.0,1686636899.0,20100408
23.83,25.24,25.39,23.47,23.9,74049.0,44622200.0,1730310235.0,20100423
22.77,23.92,24.11,21.93,22.8,97329.0,57310100.0,2114142743.0,20100507
21.11,23.91,23.91,20.35,21.11,99207.0,60534100.0,2109261446.0,20100521
20.87,21.05,22.3,19.53,20.89,132722.0,92598100.0,3059565472.0,20100607
22.37,21.11,22.56,20.82,22.38,70303.0,37765200.0,1312220515.0,20100621
21.14,22.3,22.58,20.44,21.15,95010.0,55650600.0,1886449124.0,20100705
23.53,21.46,23.98,21.36,23.46,112142.0,64189600.0,2342306968.0,20100720
24.39,23.7,25.26,23.25,24.41,95796.0,58689900.0,2272379529.0,20100803
24.29,24.52,24.59,23.59,24.3,77824.0,42791400.0,1623702215.0,20100817
24.14,24.2,24.46,22.7,24.1,86727.0,57449600.0,2130333021.0,20100831
24.92,24.22,25.03,23.57,24.93,75721.0,45523900.0,1735152407.0,20100915
25.35,24.87,25.35,24.29,25.31,94425.0,54753300.0,2128877863.0,20100929
27.09,25.34,27.35,25.3,27,106484.0,61652800.0,2555790888.0,20101014
26.27,27.09,27.54,26.19,26.25,107718.0,53379000.0,2253294257.0,20101028
26.77,26.39,27.9,26.11,26.66,99864.0,57836400.0,2452023717.0,20101112
25.26,26.62,26.87,24.93,25.29,99682.0,52720500.0,2145144066.0,20101129
24.54,25.17,25.9,24.26,24.57,119798.0,61104600.0,2394218370.0,20101213
24.6,24.65,25.32,23.65,24.6,100605.0,51886800.0,1995240383.0,20101228
25.77,24.7,26.09,24.39,25.86,87614.0,55342600.0,2187747592.0,20110112
23.7,25.94,25.96,23.07,23.69,107557.0,62562200.0,2374899091.0,20110127
22.38,23.7,23.79,21.94,22.35,129327.0,74486200.0,2642627206.0,20110210
23.42,22.47,24.67,22.26,23.43,156074.0,78673100.0,2907849958.0,20110224
23.28,23.58,24.14,22.44,23.28,118353.0,69979500.0,2524217918.0,20110314
23.89,22.65,24.24,22.59,23.89,120341.0,67480100.0,2447164098.0,20110328
24.24,24.03,25.64,23.71,24.24,112675.0,64860000.0,2471837335.0,20110411
24.42,24.05,24.87,23.34,24.42,108088.0,58969000.0,2199898479.0,20110427
23.8,24.3,24.37,22.73,23.8,143308.0,91343400.0,3311449272.0,20110511
22.55,23.76,24.04,22.09,22.55,115167.0,53142200.0,1878399764.0,20110525
22.96,22.75,23.55,22.65,22.96,124462.0,64553000.0,2293718297.0,20110608
22.76,22.96,23.26,22.49,22.78,106767.0,58489700.0,2057271991.0,20110622
23.07,22.88,23.98,22.57,23.1,103179.0,52671200.0,1895507917.0,20110707
21.36,22.96,22.96,20.16,21.38,161365.0,103676100.0,3380644765.0,20110721
18.1,21.42,21.66,17.62,18.22,179073.0,114913400.0,3478770977.0,20110804
18.16,18.28,19.05,16.36,18.14,241825.0,144277200.0,3920645113.0,20110818
20.28,17.78,20.46,16.66,20.26,200551.0,125566100.0,3479217569.0,20110901
19.27,19.93,20.02,18.0,19.21,158113.0,92900100.0,2677950979.0,20110916
19.1,18.72,19.74,17.81,19.12,188206.0,107801300.0,3107293987.0,20110930
20.6,18.97,20.74,18.08,20.55,181857.0,105166800.0,3122211598.0,20111017
21.51,20.46,22.53,20.2,21.58,173628.0,92218900.0,2995537320.0,20111031
20.78,20.67,21.83,20.55,20.92,138312.0,74419400.0,2391117992.0,20111116
21.17,20.88,21.26,19.12,21.15,137776.0,87399200.0,2665651671.0,20111130
22.04,21.55,22.69,21.26,22.1,180587.0,99122600.0,3339212687.0,20111214
22.26,22.31,23.06,21.57,22.26,130139.0,61966300.0,2093158620.0,20111228
23.77,22.39,24.02,22.2,23.77,130145.0,54846600.0,1913248587.0,20120112
24.07,23.75,24.87,23.42,24.07,180094.0,87178600.0,3159744944.0,20120127
24.37,23.78,24.87,23.08,24.23,164503.0,95345600.0,3421128844.0,20120210
24.41,24.47,25.0,23.63,24.34,125806.0,59690900.0,2178417782.0,20120228
25.69,24.44,26.03,24.1,25.78,146824.0,78256400.0,2925984849.0,20120313
24.79,25.65,26.24,24.34,24.89,112153.0,68178100.0,2565304002.0,20120327
21.46,24.77,24.86,21.04,21.41,165450.0,89951000.0,3036956078.0,20120411
19.91,21.73,22.22,19.91,19.95,198930.0,123656000.0,3871152434.0,20120425
19.08,19.77,20.35,18.97,19.05,213591.0,129453900.0,3773620628.0,20120510
18.96,18.95,19.79,18.02,19.05,213590.0,121633500.0,3420828945.0,20120524
19.34,18.84,19.83,18.4,19.42,181116.0,104243700.0,2970060176.0,20120608
19.05,19.63,20.7,18.88,19.05,157909.0,82963400.0,2449286056.0,20120622
19.86,18.7,20.18,18.15,19.78,149376.0,68988200.0,1944835673.0,20120706
19.65,19.82,20.42,18.59,19.67,181420.0,84052800.0,2434077093.0,20120723
22.45,20.26,22.75,20.06,22.5,216780.0,110070700.0,3495126629.0,20120806
23.5,22.63,23.86,22.45,23.46,152866.0,76987500.0,2615682128.0,20120820
21.78,23.58,23.77,21.55,21.8,177602.0,78163500.0,2597569310.0,20120903
23.04,21.68,24.27,21.23,23.04,195114.0,96612300.0,3234511059.0,20120918
21.16,23.01,23.33,20.74,21.13,205825.0,123706800.0,3967765610.0,20121002
20.33,21.18,21.34,19.83,20.36,158142.0,78915100.0,2377645712.0,20121017
20.19,20.27,20.76,19.21,20.2,163977.0,84136400.0,2468520385.0,20121031
21.25,20.15,21.46,20.12,21.21,162751.0,82066300.0,2488668887.0,20121119
22.13,21.07,22.68,20.93,22.12,187190.0,90103100.0,2868505314.0,20121204
22.55,22.31,22.67,21.98,22.56,175402.0,85369900.0,2795251936.0,20121218
24.04,22.53,24.67,22.35,24,189240.0,89974300.0,3080680076.0,20130107
24.72,24.06,24.96,23.8,24.7,153589.0,75076000.0,2650516396.0,20130121
23.53,24.64,25.03,22.85,23.53,165310.0,91628000.0,3178202100.0,20130205
23.3,23.53,24.6,22.71,23.46,160309.0,90769300.0,3101651596.0,20130221
25.09,23.53,25.26,23.4,24.95,200233.0,90281900.0,3166143304.0,20130307
25.09,24.89,25.86,24.47,25.1,207234.0,87727700.0,3159621155.0,20130321
23.61,25.12,25.18,23.0,23.64,196103.0,85610800.0,2979725076.0,20130405
23.32,23.64,24.86,22.56,23.26,184598.0,84190000.0,2859456722.0,20130419
23.46,23.27,23.9,22.46,23.46,201528.0,90052100.0,3000443429.0,20130506
24.82,23.51,24.88,23.34,24.82,185293.0,93297600.0,3239795586.0,20130520
24.91,25.07,25.7,24.4,24.87,248786.0,103763200.0,3371538294.0,20130604
22.56,24.84,24.89,22.34,22.53,227735.0,119676000.0,3642848406.0,20130618
20.92,22.63,22.65,20.6,20.97,340996.0,167378700.0,4734625443.0,20130702
21.86,20.93,21.94,19.89,21.8,242051.0,122918900.0,3343067976.0,20130717
22.37,21.77,23.12,21.58,22.46,223078.0,103930100.0,3008927963.0,20130731
23.36,22.58,23.79,21.83,23.4,273471.0,128875100.0,3828499682.0,20130814
21.95,23.03,23.43,21.68,21.97,244322.0,118478800.0,3431321398.0,20130828
24.1,22.06,24.37,22.03,24.05,220284.0,105169700.0,3135231382.0,20130911
24.5,24.1,25.48,23.7,24.49,226022.0,105158200.0,3318812205.0,20130925
24.7,24.49,25.25,24.07,24.78,196126.0,83645200.0,2654241192.0,20131009
25.82,24.93,26.42,24.68,25.9,230139.0,103108700.0,3391361196.0,20131023
26.06,26.05,26.98,25.56,25.99,192648.0,93552400.0,3184849383.0,20131106
25.1,25.96,26.51,24.69,25.15,218920.0,97919400.0,3220303074.0,20131122
24.57,25.19,25.87,24.06,24.58,208834.0,108118600.0,3465648463.0,20131206
24.57,24.63,25.05,23.76,24.54,158605.0,84531600.0,2649720931.0,20131220
24.12,24.67,25.09,24.08,24.15,165092.0,111931000.0,3522242703.0,20140109
23.25,24.18,24.67,23.16,23.16,166716.0,108393000.0,3318784508.0,20140123
25.09,23.22,25.21,22.65,25.1,307560.0,153156200.0,4645843447.0,20140206
24.68,25.01,25.29,24.1,24.68,247085.0,94202300.0,2957920673.0,20140220
24.38,24.77,25.37,23.94,24.38,204459.0,83214700.0,2585226353.0,20140310
25.87,24.62,25.89,23.2,25.74,255880.0,101622200.0,3110491360.0,20140324
28.05,25.81,28.37,25.43,27.97,288938.0,124793900.0,4234658465.0,20140407
28.64,28.3,28.94,26.8,28.64,244667.0,112897300.0,3939935228.0,20140423
29.62,28.64,30.26,28.46,29.57,247894.0,115061000.0,4262255036.0,20140508
28.97,29.67,30.12,28.13,29.01,187670.0,79602600.0,2940047996.0,20140522
27.63,28.97,29.24,27.45,27.6,185724.0,90985200.0,3222465549.0,20140605
29.27,28.76,30.43,28.2,29.27,219239.0,109388300.0,3672592463.0,20140623
27.95,29.1,29.65,27.53,27.96,141329.0,64015500.0,2062602941.0,20140707
31.07,27.99,31.46,27.76,31.07,222660.0,110307900.0,3739970753.0,20140722
31.6,30.77,32.34,30.37,31.61,211431.0,101779700.0,3618472321.0,20140805
33.37,31.57,33.37,30.39,33.22,238886.0,98125500.0,3501766313.0,20140819
36.69,33.2,36.75,32.97,36.68,239813.0,108916400.0,4263225762.0,20140902
34.43,36.83,36.93,32.58,34.3,299669.0,139785600.0,5464436837.0,20140916
29.85,35.26,35.37,29.74,29.92,262716.0,125614900.0,4595915453.0,20140930
33.82,29.55,35.2,28.94,34,392374.0,206988000.0,7506162399.0,20141014
29.98,33.11,33.4,26.91,29.98,444345.0,240659700.0,8181320240.0,20141028
32.07,29.86,33.7,29.13,32.02,284371.0,136178700.0,4885705242.0,20141111
34.92,31.74,36.22,30.42,34.98,260390.0,127245100.0,4794231890.0,20141126
31.21,34.95,35.44,30.9,31.21,222476.0,101355600.0,3728640960.0,20141210
30.77,31.32,31.75,28.41,30.73,257628.0,127405400.0,4343570266.0,20141226
30.1,30.68,32.43,29.35,30.19,229295.0,115172500.0,3992412134.0,20150113
30.47,29.85,31.23,29.27,30.43,257103.0,116505300.0,3973614105.0,20150127
30.99,30.11,31.78,28.84,30.96,336098.0,154524500.0,5312421601.0,20150210
33.6,31.17,33.6,30.07,33.58,215014.0,96366300.0,3416035860.0,20150226
30.83,33.51,34.12,29.67,30.87,357422.0,172002200.0,5985837239.0,20150312
32.53,30.18,33.13,30.1,32.59,211173.0,89562400.0,3110330967.0,20150320
